11111111111111111111111111111101
11111111111111111111111111111011
11111111111111111111111111111100
11111111111111111111111111111010
11111111111111111111111111111110
11111111111111111111111111111111
11111111111111111111111111111101
11111111111111111111111111111111
11111111111111111111111111111001
11111111111111111111111111111110
11111111111111111111111111111011
00000000000000000000000000000000
11111111111111111111111111111111
11111111111111111111111111111111
11111111111111111111111111111110
11111111111111111111111111111110
11111111111111111111111111111111
00000000000000000000000000000000
11111111111111111111111111111011
11111111111111111111111111111101
11111111111111111111111111111110
11111111111111111111111111111101
11111111111111111111111111111110
11111111111111111111111111111110
11111111111111111111111111111101
11111111111111111111111111111100
11111111111111111111111111111010
11111111111111111111111111111110
11111111111111111111111111111110
11111111111111111111111111111101
11111111111111111111111111111110
00000000000000000000000000000000
11111111111111111111111111111100
11111111111111111111111111111110
11111111111111111111111111111100
11111111111111111111111111111100
11111111111111111111111111111111
11111111111111111111111111111101
11111111111111111111111111111010
11111111111111111111111111111110
11111111111111111111111111111110
11111111111111111111111111111011
11111111111111111111111111111011
11111111111111111111111111111110
11111111111111111111111111111100
11111111111111111111111111111111
11111111111111111111111111111100
11111111111111111111111111111101
11111111111111111111111111111110
11111111111111111111111111111110
11111111111111111111111111111110
11111111111111111111111111111110
11111111111111111111111111111110
11111111111111111111111111111101
11111111111111111111111111111110
11111111111111111111111111111110
11111111111111111111111111111101
11111111111111111111111111111111
11111111111111111111111111111100
11111111111111111111111111111011
11111111111111111111111111111010
11111111111111111111111111111110
11111111111111111111111111111110
11111111111111111111111111111110
00000000000000000000000000000000
00000000000000000000000000000000
11111111111111111111111111111110
11111111111111111111111111111101
11111111111111111111111111111110
11111111111111111111111111111110
11111111111111111111111111111110
11111111111111111111111111111110
11111111111111111111111111111100
11111111111111111111111111111110
11111111111111111111111111111101
11111111111111111111111111111110
11111111111111111111111111111111
11111111111111111111111111111101
11111111111111111111111111111011
11111111111111111111111111111110
11111111111111111111111111111101
11111111111111111111111111111000
11111111111111111111111111111110
11111111111111111111111111111111
11111111111111111111111111111110
11111111111111111111111111111110
11111111111111111111111111111110
11111111111111111111111111111100
11111111111111111111111111111101
11111111111111111111111111111101
11111111111111111111111111111110
00000000000000000000000000000010
11111111111111111111111111111011
11111111111111111111111111111011
11111111111111111111111111111110
11111111111111111111111111111011
11111111111111111111111111111110
11111111111111111111111111111110
11111111111111111111111111111110
11111111111111111111111111111110
11111111111111111111111111111110
11111111111111111111111111111110
11111111111111111111111111111011
11111111111111111111111111111100
11111111111111111111111111111111
11111111111111111111111111111110
11111111111111111111111111111110
11111111111111111111111111111111
11111111111111111111111111111100
11111111111111111111111111111110
11111111111111111111111111111111
11111111111111111111111111111110
11111111111111111111111111111110
11111111111111111111111111110110
11111111111111111111111111111101
11111111111111111111111111111110
11111111111111111111111111111101
11111111111111111111111111111100
11111111111111111111111111111111
11111111111111111111111111111101
11111111111111111111111111111110
11111111111111111111111111111100
11111111111111111111111111111100
11111111111111111111111111111101
11111111111111111111111111111110
11111111111111111111111111111101
11111111111111111111111111111100
11111111111111111111111111111100
11111111111111111111111111111100
11111111111111111111111111111101
00000000000000000000000000000000
11111111111111111111111111111110
11111111111111111111111111111110
11111111111111111111111111111110
11111111111111111111111111111101
11111111111111111111111111111101
11111111111111111111111111111101
11111111111111111111111111111100
11111111111111111111111111111011
11111111111111111111111111111110
11111111111111111111111111111110
11111111111111111111111111111000
11111111111111111111111111111110
11111111111111111111111111111110
11111111111111111111111111111110
11111111111111111111111111111110
11111111111111111111111111111000
11111111111111111111111111111110
11111111111111111111111111111101
11111111111111111111111111111110
11111111111111111111111111111110
11111111111111111111111111111110
11111111111111111111111111111011
11111111111111111111111111111110
11111111111111111111111111111110
11111111111111111111111111111111
11111111111111111111111111111110
11111111111111111111111111111111
11111111111111111111111111111110
11111111111111111111111111111111
11111111111111111111111111111011
11111111111111111111111111111110
11111111111111111111111111111110
11111111111111111111111111111100
11111111111111111111111111111110
11111111111111111111111111111110
11111111111111111111111111111110
11111111111111111111111111111100
11111111111111111111111111111101
11111111111111111111111111111101
11111111111111111111111111111111
11111111111111111111111111111110
11111111111111111111111111111010
11111111111111111111111111111111
11111111111111111111111111111110
11111111111111111111111111111101
11111111111111111111111111111011
11111111111111111111111111111101
11111111111111111111111111111100
11111111111111111111111111111101
11111111111111111111111111111110
11111111111111111111111111111110
11111111111111111111111111111111
11111111111111111111111111111110
11111111111111111111111111111100
11111111111111111111111111111110
11111111111111111111111111111110
11111111111111111111111111111101
00000000000000000000000000000000
11111111111111111111111111111110
11111111111111111111111111111110
11111111111111111111111111111110
11111111111111111111111111111100
11111111111111111111111111111100
11111111111111111111111111111101
11111111111111111111111111111011
11111111111111111111111111111101
11111111111111111111111111111110
11111111111111111111111111111110
11111111111111111111111111111011
11111111111111111111111111111110
11111111111111111111111111111110
11111111111111111111111111111101
11111111111111111111111111111011
11111111111111111111111111111100
11111111111111111111111111111110
11111111111111111111111111111101
11111111111111111111111111111101
11111111111111111111111111111110
00000000000000000000000000000011
11111111111111111111111111111111
11111111111111111111111111111111
11111111111111111111111111111110
11111111111111111111111111111111
11111111111111111111111111111101
11111111111111111111111111111001
11111111111111111111111111111110
11111111111111111111111111111110
11111111111111111111111111111110
11111111111111111111111111111011
11111111111111111111111111111110
11111111111111111111111111111110
11111111111111111111111111111110
11111111111111111111111111111110
11111111111111111111111111111011
11111111111111111111111111111101
11111111111111111111111111111011
11111111111111111111111111111101
00000000000000000000000000000001
11111111111111111111111111111101
11111111111111111111111111111101
11111111111111111111111111110111
11111111111111111111111111111110
11111111111111111111111111111110
11111111111111111111111111111110
11111111111111111111111111111110
11111111111111111111111111111111
11111111111111111111111111111111
11111111111111111111111111111110
11111111111111111111111111111111
11111111111111111111111111111110
11111111111111111111111111111111
11111111111111111111111111111110
11111111111111111111111111111100
11111111111111111111111111111010
11111111111111111111111111111100
11111111111111111111111111111100
11111111111111111111111111111110
11111111111111111111111111111111
11111111111111111111111111111110
11111111111111111111111111111011
11111111111111111111111111111110
11111111111111111111111111111110
11111111111111111111111111111101
11111111111111111111111111111110
11111111111111111111111111111110