10000000
10000000
10000000
10000000
10000000
10000000
10000000
10000000
10000000
10000000
10000000
10000000
10000000
10000000
10000000
10000000
10000000
10000000
10000000
10000000
10000000
10000000
10000000
10000000
10000000
10000000
10000000
10000000
10000000
10000000
10000000
10000000
10000000
10000000
10000000
10000000
10000000
10000000
10000000
10000000
10000000
10000000
10000000
10000000
10000000
10000000
10000000
10000000
10000000
10000000
10000000
10000000
10000000
10000000
10000000
10000000
10000000
10000000
10000000
10000000
10000000
10000000
10000000
10000000
10000000
10000000
10000000
10000000
10000000
10000000
10000000
10000000
10000000
10000000
10000000
10000000
10000000
10000000
10000000
10000000
10000000
10000000
10000000
10000000
10000000
10000000
10000000
10000000
10000000
10000000
10000000
10000000
10000000
10000000
10000000
10000000
10000000
10000000
10000000
10000000
10000000
10000000
10000000
10000000
10000000
10000000
10000000
10000000
10000000
10000000
10000000
10000000
10000000
10000000
10000000
10000000
10000000
10000000
10000000
10000000
10000000
10000000
10000000
10000000
10000000
10000000
10000000
10000000
10000000
10000000
10000000
10000000
10000000
10000000
10000000
10000000
10000000
10000000
10000000
10000000
10000000
10000000
10000000
10000000
10000000
10000000
10000000
10000000
10000000
10000000
10000000
10000000
10010001
11000010
00001010
01111111
01111101
00101001
00001010
10010111
10000000
10000000
10000000
10000000
10000000
10000000
10000000
10000000
10000000
10000000
10000000
10000000
10000000
10000000
10000000
10000000
10000000
10000000
10000101
11111000
01100100
01111100
01111100
01111101
01111100
01111100
01111100
00011110
10000000
10000000
10000000
10000000
10000000
10000000
10000000
10000000
10000000
10000000
10000000
10000000
10000000
10000000
10000000
10000000
10000000
10000000
11101100
01111100
01111100
01111100
01111100
00111110
01111100
01111100
01111100
01111100
10000000
10000000
10000000
10000000
10000000
10000000
10000000
10000000
10000000
10000000
10000000
10000000
10000000
10000000
10000000
10000000
10000000
10101011
01101001
01111100
01111100
01111100
11110100
10000101
00000111
01111100
01111100
01111100
10000000
10000000
10000000
10000000
10000000
10000000
10000000
10000000
10000000
10000000
10000000
10000000
10000000
10000000
10000000
10000000
10101011
00110010
01111101
01111100
01011101
10101011
10000010
10000000
10000101
10110110
01101000
01111100
01010010
10000000
10000000
10000000
10000000
10000000
10000000
10000000
10000000
10000000
10000000
10000000
10000000
10000000
10000000
10000000
11011101
01111101
01111111
01111001
11110011
10000000
10000000
10000000
10000000
10000000
00001000
01111011
01111111
00011010
10000000
10000000
10000000
10000000
10000000
10000000
10000000
10000000
10000000
10000000
10000000
10000000
10000000
10000000
00100110
01111100
01111101
00111001
10000000
10000000
10000000
10000000
10000000
10000000
10000000
01010001
01111101
01001110
10000000
10000000
10000000
10000000
10000000
10000000
10000000
10000000
10000000
10000000
10000000
10000000
10000000
10010011
01011100
01111100
01111101
11011100
10000000
10000000
10000000
10000000
10000000
10000000
10000000
11110100
01111101
01001110
10000000
10000000
10000000
10000000
10000000
10000000
10000000
10000000
10000000
10000000
10000000
10000000
10000000
11000110
01111100
01111100
01000000
10010001
10000000
10000000
10000000
10000000
10000000
10000000
10000000
11110100
01111101
01011111
10011001
10000000
10000000
10000000
10000000
10000000
10000000
10000000
10000000
10000000
10000000
10000000
10000000
11111010
01111100
01111100
10111111
10000000
10000000
10000000
10000000
10000000
10000000
10000000
10000000
11110100
01111101
01111100
11000101
10000000
10000000
10000000
10000000
10000000
10000000
10000000
10000000
10000000
10000000
10000000
10000000
00000100
01111101
01111101
10000000
10000000
10000000
10000000
10000000
10000000
10000000
10000000
10000000
11110100
01111111
01111101
11000101
10000000
10000000
10000000
10000000
10000000
10000000
10000000
10000000
10000000
10000000
10000000
10000000
00111000
01111100
01111100
10000000
10000000
10000000
10000000
10000000
10000000
10000000
10000000
10000000
11110100
01111101
01111100
11000101
10000000
10000000
10000000
10000000
10000000
10000000
10000000
10000000
10000000
10000000
10000000
10000000
00111000
01111100
01111100
10000000
10000000
10000000
10000000
10000000
10000000
10000000
10000000
10000000
11110100
01111101
01110000
10110010
10000000
10000000
10000000
10000000
10000000
10000000
10000000
10000000
10000000
10000000
10000000
10000000
00111000
01111100
01111100
10000000
10000000
10000000
10000000
10000000
10000000
10000000
10000000
10000000
01010010
01111101
11110000
10000000
10000000
10000000
10000000
10000000
10000000
10000000
10000000
10000000
10000000
10000000
10000000
10000000
10110000
01101000
01111100
00011110
10000000
10000000
10000000
10000000
10000000
10000000
10000000
10000000
01100110
01101000
10001000
10000000
10000000
10000000
10000000
10000000
10000000
10000000
10000000
10000000
10000000
10000000
10000000
10000000
10000000
11011101
01111101
01110100
10110010
10000000
10000000
10000000
10000000
10000000
10000000
00011011
01111101
00101000
10000000
10000000
10000000
10000000
10000000
10000000
10000000
10000000
10000000
10000000
10000000
10000000
10000000
10000000
10000000
10100010
00100100
01111101
11110001
10000000
10000000
10000000
10000000
10000000
11000010
01101100
01100111
10101010
10000000
10000000
10000000
10000000
10000000
10000000
10000000
10000000
10000000
10000000
10000000
10000000
10000000
10000000
10000000
10000000
10100000
01011110
01110000
00000110
10000000
10000000
10100110
11011011
01101010
01111100
00001001
10000000
10000000
10000000
10000000
10000000
10000000
10000000
10000000
10000000
10000000
10000000
10000000
10000000
10000000
10000000
10000000
10000000
10000000
10011001
00110001
01110000
01001111
11100111
01101001
01111100
01111100
00110000
10100011
10000000
10000000
10000000
10000000
10000000
10000000
10000000
10000000
10000000
10000000
10000000
10000000
10000000
10000000
10000000
10000000
10000000
10000000
10000000
10001111
10110110
00110011
01111100
00001001
00001001
10110110
10000100
10000000
10000000
10000000
10000000
10000000
10000000
10000000
10000000
10000000
10000000
10000000
10000000
10000000
10000000
10000000
10000000
10000000
10000000
10000000
10000000
10000000
10000000
10000000
10000000
10000000
10000000
10000000
10000000
10000000
10000000
10000000
10000000
10000000
10000000
10000000
10000000
10000000
10000000
10000000
10000000
10000000
10000000
10000000
10000000
10000000
10000000
10000000
10000000
10000000
10000000
10000000
10000000
10000000
10000000
10000000
10000000
10000000
10000000
10000000
10000000
10000000
10000000
10000000
10000000
10000000
10000000
10000000
10000000
10000000
10000000
10000000
10000000
10000000
10000000
10000000
10000000
10000000
10000000
10000000
10000000
10000000
10000000
10000000
10000000
10000000
10000000
10000000
10000000
10000000
10000000
10000000
10000000
10000000