10000000
10000000
10000000
10000000
10000000
10000000
10000000
10000000
10000000
10000000
10000000
10000000
10000000
10000000
10000000
10000000
10000000
10000000
10000000
10000000
10000000
10000000
10000000
10000000
10000000
10000000
10000000
10000000
10000000
10000000
10000000
10000000
10000000
10000000
10000000
10000000
10000000
10000000
10000000
10000000
10000000
10000000
10000000
10000000
10000000
10000000
10000000
10000000
10000000
10000000
10000000
10000000
10000000
10000000
10000000
10000000
10000000
10000000
10000000
10000000
10000000
10000000
10000000
10000000
10000000
10000000
10000000
10000000
10000000
10000000
10000000
10000000
10000000
10000000
10000000
10000000
10000000
10000000
10000000
10000000
10000000
10000000
10000000
10000000
10000000
10000000
10000000
10000000
10000000
10000000
10000000
10000000
10000000
10000000
10000000
10000000
10000000
10000000
10000000
10000000
10000000
10000000
10000000
10000000
10000000
10000000
10000000
10000000
10000000
10000000
10000000
10000000
10000000
10000000
10000000
10000000
10000000
10000000
10000000
10000000
10000000
10000000
10000000
10000000
10000000
10000011
11010000
01000011
11010101
11010000
11010000
11010000
10001110
10000000
10000000
10000000
10000000
10000000
10000000
10000000
10000000
10000000
10000000
10000000
10000000
10000000
10000000
10000000
10000000
10000000
10000000
10000000
10000000
10001001
01111101
01111101
01111101
01111101
01111101
01111101
00011000
10000000
10000000
10000000
10000000
10000000
10000000
10000000
10000000
10000000
10000000
10000000
10000000
10000000
10000000
10000000
10000000
10001011
10111110
10111000
10000000
10001001
01111101
01111101
01111101
01111101
01111101
01111101
01111011
01101101
10111001
10000000
10000000
10000000
10000000
10000000
10000000
10000000
10000000
10000000
10000000
10000000
10000000
10000000
10000000
00001101
01111101
01110001
11010011
10000100
00100001
01111101
01111101
01111101
01111101
01111101
01111101
01111101
10111100
10000000
10000000
10000000
10000000
10000000
10000000
10000000
10000000
10000000
10000000
10000000
10000000
10001011
00001101
01111000
01111101
01111101
00010011
10000000
11001001
01010001
01111100
01111101
01111101
01111101
01111101
01111101
01010100
10000000
10000000
10000000
10000000
10000000
10000000
10000000
10000000
10000000
10000000
10000000
10000000
00010011
01111101
01111101
01111101
01111101
01000111
10100010
10000000
10000000
00100000
01111101
00001110
01000010
01111101
01111101
01110100
11001101
10000000
10000000
10000000
10000000
10000000
10000000
10000000
10000000
10000000
10001001
00001000
01111010
01111101
01111101
01111101
01111101
01111101
11000101
10000000
10000000
10001111
10110100
10000101
10011011
01001001
01111101
01111101
00011100
10000000
10000000
10000000
10000000
10000000
10000000
10000000
10000000
10000000
11010000
01111101
01111101
01111101
01111101
01111101
01111101
01010001
10101001
10000000
10000000
10000000
10000000
10000000
10000000
10100100
01111101
01111101
01000100
10100001
10000000
10000000
10000000
10000000
10000000
10000000
10000000
10000000
11010110
01111101
01111101
01111101
01111101
01111101
01101010
10101001
10000000
10000000
10000000
10000000
10000000
10000000
10000000
10101010
01111101
01111101
01111101
11001110
10000000
10000000
10000000
10000000
10000000
10000000
10000000
10000000
01111110
01111101
01111101
01111101
01111101
01111101
00100101
10000000
10000000
10000000
10000000
10000000
10000000
10000000
10000000
01010011
01111101
01111101
01111101
11001110
10000000
10000000
10000000
10000000
10000000
10000000
10000000
10000000
01111110
01111101
01111101
01111101
01111101
00101100
10010010
10000000
10000000
10000000
10000000
10000000
10000000
10000000
10000000
01010011
01111101
01111101
01111101
11001110
10000000
10000000
10000000
10000000
10000000
10000000
10000000
10000000
01111110
01111101
01111101
01111101
01010010
10000100
10000000
10000000
10000000
10000000
10000000
10000000
10101010
01100101
01110110
01111100
01111101
01111101
00011111
10000011
10000000
10000000
10000000
10000000
10000000
10000000
10000000
10000000
01111110
01111101
01111101
01111101
01010001
10000000
10000000
10000000
10000000
10000000
11100011
00010101
01010010
01111101
01111101
01111101
01111101
01110010
11000001
10000000
10000000
10000000
10000000
10000000
10000000
10000000
10000000
10000000
01111111
01111101
01111101
01111101
01011010
10110101
10110101
10110101
00110100
01100100
01110100
01111101
01111101
01111101
01111101
01111101
01111101
11001101
10000000
10000000
10000000
10000000
10000000
10000000
10000000
10000000
10000000
10000000
00100011
01111101
01111101
01111101
01111101
01111101
01111101
01111101
01111101
01111101
01111101
01111101
01111101
01111101
01111101
01111101
01000001
10011101
10000000
10000000
10000000
10000000
10000000
10000000
10000000
10000000
10000000
10000000
11010000
01111101
01111101
01111101
01111101
01111101
01111101
01111101
01111101
01111101
01111101
01111101
01111101
01111101
01101010
01000001
10011000
10000000
10000000
10000000
10000000
10000000
10000000
10000000
10000000
10000000
10000000
10000000
10101100
01010010
01111101
01111101
01111101
01111101
01111101
01111101
01111101
01111101
01111101
01111101
01111101
01100101
11000011
10000000
10000000
10000000
10000000
10000000
10000000
10000000
10000000
10000000
10000000
10000000
10000000
10000000
10000000
10100110
01100100
01111101
01111101
01111101
01111101
01111101
01111101
01111101
01111101
01111000
01101011
11000001
10000000
10000000
10000000
10000000
10000000
10000000
10000000
10000000
10000000
10000000
10000000
10000000
10000000
10000000
10000000
10000000
10100111
01010010
01111101
01111101
01111101
01111101
01111101
01111101
00111101
11110010
10000000
10000000
10000000
10000000
10000000
10000000
10000000
10000000
10000000
10000000
10000000
10000000
10000000
10000000
10000000
10000000
10000000
10000000
10000000
10101011
11101100
01111101
01111101
00110011
11001110
11001110
10011011
10000000
10000000
10000000
10000000
10000000
10000000
10000000
10000000
10000000
10000000
10000000
10000000
10000000
10000000
10000000
10000000
10000000
10000000
10000000
10000000
10000000
10000000
10000000
10000000
10000000
10000000
10000000
10000000
10000000
10000000
10000000
10000000
10000000
10000000
10000000
10000000
10000000
10000000
10000000
10000000
10000000
10000000
10000000
10000000
10000000
10000000
10000000
10000000
10000000
10000000
10000000
10000000
10000000
10000000
10000000
10000000
10000000
10000000
10000000
10000000
10000000
10000000
10000000
10000000
10000000
10000000
10000000
10000000
10000000
10000000
10000000
10000000
10000000
10000000
10000000
10000000
10000000
10000000
10000000
10000000
10000000
10000000
10000000
10000000
10000000
10000000
10000000
10000000
10000000
10000000
10000000
10000000
10000000
10000000
10000000
10000000
10000000
10000000
10000000
10000000
10000000
10000000
10000000
10000000
10000000
10000000
10000000
10000000
10000000
10000000
10000000
10000000
10000000
10000000
10000000
10000000
10000000
10000000
10000000
10000000
10000000
10000000
10000000
10000000