10000000
10000000
10000000
10000000
10000000
10000000
10000000
10000000
10000000
10000000
10000000
10000000
10000000
10000000
10000000
10000000
10000000
10000000
10000000
10000000
10000000
10000000
10000000
10000000
10000000
10000000
10000000
10000000
10000000
10000000
10000000
10000000
10000000
10000000
10000000
10000000
10000000
10000000
10000000
10000000
10000000
10000000
10000000
10000000
10000000
10000000
10000000
10000000
10000000
10000000
10000000
10000000
10000000
10000000
10000000
10000000
10000000
10000000
10000000
10000000
10000000
10000000
10000000
10000000
10000000
10000000
10000000
10000000
10000000
10000000
10000000
10000000
10000000
10000000
10000000
10000000
10000000
10000000
10000000
10000000
10000000
10000000
10000000
10000000
10000000
10000000
10000000
10000000
10000000
10000000
10000000
10000000
10000000
10000000
10000000
10000000
10000000
10000000
10000000
10000000
10000000
10000000
10000000
10000000
10000000
10000000
10000000
10000000
10000000
10000000
10000000
10000000
10000000
10000000
10000000
10000000
10000000
10000000
10000000
10000000
10000000
10000000
10010000
10000010
10000000
10000000
10000000
10000000
10000000
10000000
10000000
10000000
10000000
10000000
10000000
10000000
10000000
10000000
10000000
10000000
10000000
10000000
10000000
10000000
10000000
10000000
10000000
10000000
10000000
10000000
00111011
00110000
11001100
10000000
10000000
10000000
10000000
10000000
10000000
10000000
10000000
10000000
10000000
10010110
10000100
10000000
10000000
10000000
10000000
10000000
10000000
10000000
10000000
10000000
10000000
10000000
10000000
10000000
00001001
01111110
11110001
10000000
10000000
10000000
10000000
10000000
10000000
10000000
10000000
10000000
10000000
00000110
00001011
10000000
10000000
10000000
10000000
10000000
10000000
10000000
10000000
10000000
10000000
10000000
10000000
10000000
11101100
01111110
11110001
10000000
10000000
10000000
10000000
10000000
10000000
10000000
10000000
10000000
11000101
01111000
01111110
10000000
10000000
10000000
10000000
10000000
10000000
10000000
10000000
10000000
10000000
10000000
10000000
10000000
01010101
01111110
11110001
10000000
10000000
10000000
10000000
10000000
10000000
10000000
10000000
10000000
00000101
01111110
01001100
10000000
10000000
10000000
10000000
10000000
10000000
10000000
10000000
10000000
10000000
10000000
10000000
10101100
01110000
01111110
11110001
10000000
10000000
10000000
10000000
10000000
10000000
10000000
10000000
10000000
01001010
01111110
11001110
10000000
10000000
10000000
10000000
10000000
10000000
10000000
10000000
10000000
10000000
10000000
10000000
11100101
01111110
01111110
11100110
10000000
10000000
10000000
10000000
10000000
10000000
10000000
10000000
10000111
01001111
01110101
10010000
10000000
10000000
10000000
10000000
10000000
10000000
10000000
10000000
10000000
10000000
10000000
10001100
01011000
01111110
00101101
10000000
10000000
10000000
10000000
10000000
10000000
10000000
10000000
10000000
11010110
01111110
00011001
10000000
10000000
10000000
10000000
10000000
10000000
10000000
10000000
10000000
10000000
10000000
10000000
00011011
01111110
01111110
10101111
10000000
10000000
10000000
10000000
10000000
10000000
10000000
10000000
10000000
00111000
01111110
00011001
10000000
10000000
10000000
10000000
10000000
10000000
10000000
10000000
10000000
10000000
10000000
11001110
01110000
01111110
01011110
10001000
10000000
10000000
10000000
10000000
10000000
10000000
10000000
10000000
10001111
01001110
01111110
00011001
10000000
10000000
10000000
10000000
10000000
10000000
10000000
10000000
10000000
10000000
10001110
01001011
01111110
01111110
10110000
10000000
10000000
10000000
10000000
10000000
10000000
10000000
10000000
10000000
10110000
01111110
01111110
10110110
10000000
10000000
10000000
10000000
10000000
10000000
10000000
10000000
10000000
10000000
10100100
01111110
01111110
00101101
10000011
10000000
10000000
10000000
10000000
10000000
10000000
10000000
10000000
10000000
10110000
01111110
01111110
10100011
10000000
10000000
10000000
10000000
10000000
10000000
10000000
10000000
10000000
11000111
01001100
01111110
01011010
10011001
10000000
10000001
10001100
10001100
10001100
10000111
10001100
10001100
10000001
10000000
10110000
01111110
00101101
10000001
10000000
10000000
10000000
10000000
10000000
10000000
10000000
10000000
10000000
00010110
01111110
01111110
01100001
00010100
00010100
00010111
01111110
01111110
01111111
01001101
01111110
01111110
11011010
10001101
11110110
01111110
00011101
10000000
10000000
10000000
10000000
10000000
10000000
10000000
10000000
10000000
10000000
01101001
01111110
01111110
01111110
01111110
01111110
01111110
01111110
01111110
01111110
01011010
01100001
01010011
01111110
01001011
01100000
01111110
10110101
10000000
10000000
10000000
10000000
10000000
10000000
10000000
10000000
10000000
10000000
11101011
01111110
01111110
01100000
01001001
00111101
00111101
11111011
11000111
11000111
10010001
10011011
10000111
11000101
00110010
01111110
01001111
10001111
10000000
10000000
10000000
10000000
10000000
10000000
10000000
10000000
10000000
10000000
10000100
10110101
10110101
10011100
10001010
10000000
10000000
10000000
10000000
10000000
10000000
10000000
10000000
10000000
00010100
01111110
00010110
10000000
10000000
10000000
10000000
10000000
10000000
10000000
10000000
10000000
10000000
10000000
10000000
10000000
10000000
10000000
10000000
10000000
10000000
10000000
10000000
10000000
10000000
10000000
10000000
10000000
10010101
10100011
10001010
10000000
10000000
10000000
10000000
10000000
10000000
10000000
10000000
10000000
10000000
10000000
10000000
10000000
10000000
10000000
10000000
10000000
10000000
10000000
10000000
10000000
10000000
10000000
10000000
10000000
10000000
10000000
10000000
10000000
10000000
10000000
10000000
10000000
10000000
10000000
10000000
10000000
10000000
10000000
10000000
10000000
10000000
10000000
10000000
10000000
10000000
10000000
10000000
10000000
10000000
10000000
10000000
10000000
10000000
10000000
10000000
10000000
10000000
10000000
10000000
10000000
10000000
10000000
10000000
10000000
10000000
10000000
10000000
10000000
10000000
10000000
10000000
10000000
10000000
10000000
10000000
10000000
10000000
10000000
10000000
10000000
10000000
10000000
10000000
10000000
10000000
10000000
10000000
10000000
10000000
10000000
10000000
10000000
10000000
10000000
10000000
10000000
10000000
10000000
10000000
10000000
10000000
10000000
10000000
10000000
10000000
10000000
10000000
10000000
10000000
10000000
10000000
10000000
10000000
10000000
10000000
10000000
10000000
10000000
10000000
10000000
10000000
10000000
10000000
10000000
10000000
10000000
10000000
10000000
10000000
10000000
10000000
10000000
10000000
10000000
10000000
10000000
10000000
10000000
10000000
10000000
10000000
10000000
10000000
10000000
10000000
10000000
10000000
10000000
10000000
10000000
10000000
10000000
10000000
10000000
10000000
10000000
10000000
10000000
10000000
10000000
10000000
10000000
10000000
10000000
10000000
10000000
10000000
10000000
10000000
10000000
10000000
10000000
10000000