10000000
10000000
10000000
10000000
10000000
10000000
10000000
10000000
10000000
10000000
10000000
10000000
10000000
10000000
10000000
10000000
10000000
10000000
10000000
10000000
10000000
10000000
10000000
10000000
10000000
10000000
10000000
10000000
10000000
10000000
10000000
10000000
10000000
10000000
10000000
10000000
10000000
10000000
10000000
10000000
10000000
10000000
10000000
10000000
10000000
10000000
10000000
10000000
10000000
10000000
10000000
10000000
10000000
10000000
10000000
10000000
10000000
10000000
10000000
10000000
10000000
10000000
10000000
10000000
10000000
10000000
10000000
10000000
10000000
10000000
10000000
10000000
10000000
10000000
10000000
10000000
10000000
10000000
10000000
10000000
10000000
10000000
10000000
10000000
10000000
10000000
10000000
10000000
10000000
10000000
10000000
10000000
10000000
10010000
01001110
01011001
10000000
10000000
10000000
10000000
10000000
10000000
10000000
10000000
10000000
10000000
10000000
10000000
10000000
10000000
10000000
10000000
10000000
10000000
10000000
10000000
10000000
10000000
10000000
10000000
10010001
01001101
01111101
01011000
10000000
10000000
10000000
10000000
10000000
10000000
10000000
10000000
10000000
10000000
10000000
10000000
10000000
10000000
10000000
10000000
10000000
10000000
10000000
10000000
10000000
10000000
10000000
10010001
01001101
01111101
01111011
00001011
10000000
10000000
10000000
10000000
10000000
10000000
10000000
10000000
10000000
10000000
10000000
10000000
10000000
10000000
10000000
10000000
10000000
10000000
10000000
10000000
10000000
10000000
10000000
00001000
01111101
01111101
00010101
10000000
10000000
10000000
10000000
10000000
10000000
10000000
10000000
10000000
10000000
10000000
10000000
10000000
10000000
10000000
10000000
10000000
10000000
10000000
10000000
10000000
10000000
10000000
10010100
01010000
01111101
01101110
10100111
10000000
10000000
10000000
10000000
10000000
10000000
10000000
10000000
10000000
10000000
10000000
10000000
10000000
10000000
10000000
10000000
10000000
10000000
10000000
10000000
10000000
10000000
10000000
01010001
01111101
01111101
00010101
10000000
10000000
10000000
10000000
10000000
10000000
10000000
10000000
10000000
10000000
10000000
10000000
10000000
10000000
10000000
10000000
10000000
10000000
10000000
10000000
10000000
10000000
10000000
10000000
01111110
01111101
01110001
10100100
10000000
10000000
10000000
10000000
10000000
10000000
10000000
10000000
10000000
10000000
10000000
10000000
10000000
10000000
10000000
10000000
10000000
10000000
10000000
10000000
10000000
10000000
10000000
10000000
01111111
01111101
01101011
10000000
10000000
10000000
10000000
10000000
10000000
10000000
10100110
10110010
10110010
10110010
10110010
10110010
10000101
10000000
10000000
10000000
10000000
10000000
10000000
10000000
10000000
10000000
10000000
10000000
01111110
01111101
01101011
10000000
10000000
10000000
10000000
10000000
11000100
00110100
01101100
01111101
01111101
01111101
01111101
01111101
00111011
11111110
10011110
10000000
10000000
10000000
10000000
10000000
10000000
10000000
10000000
10000000
01111110
01111101
01101011
10000000
10000000
10000000
10000000
10001101
01000110
01111101
01111101
01001100
00111111
00010100
00000000
00110000
01110111
01111101
01011110
11111110
10000000
10000000
10000000
10000000
10000000
10000000
10000000
10000000
01111110
01111101
00001100
10000000
10000000
10000000
10000000
00010000
01111101
01111101
00101000
10001110
10000000
10000000
10000000
10000000
11101100
01010111
01111101
01111101
10000000
10000000
10000000
10000000
10000000
10000000
10000000
10000000
01111110
01111101
01010000
10000000
10000000
10000000
10000000
00101110
01111101
01111101
10111101
10000000
10000000
10000000
10000000
10000000
10000000
11110000
01111101
01111101
10000000
10000000
10000000
10000000
10000000
10000000
10000000
10000000
01111110
01111101
01101011
10000000
10000000
10000000
10000000
00101110
01111101
01111101
10111101
10000000
10000000
10000000
10000000
10000000
10000000
11110000
01111101
01010110
10000000
10000000
10000000
10000000
10000000
10000000
10000000
10000000
01111110
01111101
01110001
10100100
10000000
10000000
10000000
00101110
01111101
01111101
00100100
10000000
10000000
10000000
10000000
10000000
10000000
11110000
01111101
11010111
10000000
10000000
10000000
10000000
10000000
10000000
10000000
10000000
11100111
01111101
01111101
01101000
11010101
10000000
10000000
10011001
11111101
01100101
01110100
00110101
11000000
10000000
10000000
10000000
10000000
00011101
01111101
11110000
10000000
10000000
10000000
10000000
10000000
10000000
10000000
10000000
10000100
01001111
01111101
01111101
01010000
10000000
10000000
10000000
10000000
11110010
01100101
01111101
01110100
11010111
10000000
10000000
10101010
01110011
01111101
11010001
10000000
10000000
10000000
10000000
10000000
10000000
10000000
10000000
10000000
10011001
01111101
01111101
01111010
00010110
10100100
10000000
10000000
10000000
10110100
00010100
00110101
01110101
00111000
11101010
01100100
01111101
11011111
10000001
10000000
10000000
10000000
10000000
10000000
10000000
10000000
10000000
10000000
10000001
11011000
01001111
01111101
01111101
01110010
01010011
11110000
11110000
11110000
11110000
11110110
00101100
01111101
01111101
01001111
10011010
10000001
10000000
10000000
10000000
10000000
10000000
10000000
10000000
10000000
10000000
10000000
10000000
10000000
11010000
00000111
01010010
01111101
01111101
01111101
01111101
01111101
01111101
01111101
01010101
00000111
11010111
10000111
10000000
10000000
10000000
10000000
10000000
10000000
10000000
10000000
10000000
10000000
10000000
10000000
10000000
10000000
10000000
10000000
10000100
10011011
00000001
00000001
00000001
00000001
00000001
00000001
10011001
10000000
10000000
10000000
10000000
10000000
10000000
10000000
10000000
10000000
10000000
10000000
10000000
10000000
10000000
10000000
10000000
10000000
10000000
10000000
10000000
10000000
10000000
10000000
10000000
10000000
10000000
10000000
10000000
10000000
10000000
10000000
10000000
10000000
10000000
10000000
10000000
10000000
10000000
10000000
10000000
10000000
10000000
10000000
10000000
10000000
10000000
10000000
10000000
10000000
10000000
10000000
10000000
10000000
10000000
10000000
10000000
10000000
10000000
10000000
10000000
10000000
10000000
10000000
10000000
10000000
10000000
10000000
10000000
10000000
10000000
10000000
10000000
10000000
10000000
10000000
10000000
10000000
10000000
10000000
10000000
10000000
10000000
10000000
10000000
10000000
10000000
10000000
10000000
10000000
10000000
10000000
10000000
10000000
10000000
10000000
10000000
10000000
10000000
10000000
10000000
10000000
10000000
10000000
10000000
10000000
10000000
10000000
10000000
10000000
10000000
10000000
10000000
10000000
10000000
10000000
10000000
10000000
10000000
10000000
10000000
10000000
10000000
10000000
10000000
10000000
10000000
10000000
10000000
10000000
10000000
10000000
10000000
10000000
10000000
10000000
10000000
10000000
10000000
10000000
10000000
10000000
10000000
10000000
10000000
10000000
10000000
10000000
10000000