10000000
10000000
10000000
10000000
10000000
10000000
10000000
10000000
10000000
10000000
10000000
10000000
10000000
10000000
10000000
10000000
10000000
10000000
10000000
10000000
10000000
10000000
10000000
10000000
10000000
10000000
10000000
10000000
10000000
10000000
10000000
10000000
10000000
10000000
10000000
10000000
10000000
10000000
10000000
10000000
10000000
10000000
10000000
10000000
10000000
10000000
10000000
10000000
10000000
10000000
10000000
10000000
10000000
10000000
10000000
10000000
10000000
10000000
10000000
10000000
10000000
10000000
10000000
10000000
10000000
10000000
10000000
10000000
10000000
10000000
10000000
10000000
10000000
10000000
10000000
10000000
10000000
10000000
10000000
10000000
10000000
10000000
10000000
10000000
10000000
10000000
10000000
10000000
10000000
10000000
10000000
10000000
10000000
10000000
10000000
10000000
10000000
10000000
10000000
10000000
10000000
10000000
10000000
10000000
10000000
10000000
10000000
10000000
10000000
10000000
10000000
10000000
10000000
10000000
10000000
10000000
10000000
10000000
10000000
10000000
10000000
10000000
10000000
10000000
10000000
10000000
10000000
10000000
10000000
10000000
10000000
10000000
10000000
10000000
10000000
10000000
10000000
10000000
10000000
10000000
10000000
10000000
10000000
10000000
10000000
10000000
10000000
10000000
10000000
10000000
10000000
10000000
10000000
10000000
10000000
10000000
10000000
10000000
10000000
10000000
10000000
10000000
10000000
10000000
10000000
10000000
10000000
10000000
10000000
10000000
10000000
10000000
10000000
10000000
10000000
10000000
10000000
10000000
00001110
01111110
01001100
00101100
01000111
00001100
11011011
10011011
10000010
10000000
10000000
10000000
10000000
10000000
10000000
10000000
10000000
10000000
10000000
10000000
10000000
10000000
10000000
10000000
10000000
10000000
10000000
11000100
01011110
11010001
11001010
00011001
00111001
01101101
01101101
01111010
01000010
10011101
10000000
10000000
10000000
10000000
10000000
10000000
10000000
10000000
10000000
10000000
10000000
10000000
10000000
10000000
10000000
10000000
10000000
00100110
01000100
10000000
10000000
10000000
10000000
10000000
10000000
11110011
11010001
10001011
10000000
10000000
10000000
10000000
10000000
10000000
10000000
10000000
10000000
10000000
10000000
10000000
10000000
10000000
10000000
10000000
10000000
01010101
00011111
10000000
10000000
10000000
10000000
10000000
10000000
10000000
10000000
10000000
10000000
10000000
10000000
10000000
10000000
10000000
10000000
10000000
10000000
10000000
10000000
10000000
10000000
10000000
10000000
10000000
10000111
01011100
11110011
10000000
10000000
10000000
10000000
10000000
10000000
10000000
10000000
10000000
10000000
10000000
10000000
10000000
10000000
10000000
10000000
10000000
10000000
10000000
10000000
10000000
10000000
10000000
10000000
10000000
10100010
01110110
00000010
10000000
10000000
10000000
10000000
10000000
10000000
10000000
10000000
10000000
10000000
10000000
10000000
10000000
10000000
10000000
10000000
10000000
10000000
10000000
10000000
10000000
10000000
10000000
10000000
10000000
10000000
00101000
01110110
10010101
10000000
10000000
10000000
10000000
00001010
11000101
10000000
10000000
10000000
10000000
10000000
10000000
10000000
10000000
10000000
10000000
10000000
10000000
10000000
10000000
10000000
10000000
10000000
10000000
10000000
00000011
01111110
11100011
10000000
10000000
10000000
10000000
00111101
00001011
10000000
10000000
10000000
10000000
10000000
10000000
10000000
10000000
10000000
10000000
10000000
10000000
10000000
10000000
10000000
10000000
10000000
10000000
10000000
11010010
01111110
11101011
10000000
10000000
10000000
11010101
01100101
11011001
10000000
10000000
10000000
10000000
10000000
10000000
10000000
10000000
10000000
10000000
10000000
10000000
10000000
10000000
10000000
10000000
10000000
10000000
10000000
10000010
01000100
01100100
10001011
10000000
10000000
00011010
01111110
10111001
10000000
10000000
10000000
10000000
10000000
10000000
10000000
10000000
10000000
10000000
10000000
10000000
10000000
10000000
10000000
10000000
10000000
10000000
10000000
10000000
11101110
01111110
00000001
10000001
10001001
01001111
01111111
10111001
10000000
10000000
10000000
10000000
10000000
10000000
10000000
10000000
10000000
10000000
10000000
10000000
10000000
10000000
10000000
10000000
10000000
10000000
10000000
10000000
10000000
01000001
01111110
00110111
00111100
00101111
01111110
10111001
10000000
10000000
10000000
10000000
10000000
10000000
10000000
10000000
10000000
10000000
10000000
10000000
10000000
10000000
10000000
10000000
10000000
10000000
10000000
10000000
10000000
10010001
11110100
00010011
10010110
00010010
01111110
10111001
10000000
10000000
10000000
10000000
10000000
10000000
10000000
10000000
10000000
10000000
10000000
10000000
10000000
10000000
10000000
10000000
10000000
10000000
10000000
10000000
10000000
10000000
10000000
10000000
10000000
11100011
01111110
10111001
10000000
10000000
10000000
10000000
10000000
10000000
10000000
10000000
10000000
10000000
10000000
10000000
10000000
10000000
10000000
10000000
10000000
10000000
10000000
10000000
10000000
10000000
10000000
10000000
10000000
11100011
01111110
10111001
10000000
10000000
10000000
10000000
10000000
10000000
10000000
10000000
10000000
10000000
10000000
10000000
10000000
10000000
10000000
10000000
10000000
10000000
10000000
10000000
10000000
10000000
10000000
10000000
10000000
00100111
01111110
10111001
10000000
10000000
10000000
10000000
10000000
10000000
10000000
10000000
10000000
10000000
10000000
10000000
10000000
10000000
10000000
10000000
10000000
10000000
10000000
10000000
10000000
10000000
10000000
10000000
10000000
00000111
01101000
10001000
10000000
10000000
10000000
10000000
10000000
10000000
10000000
10000000
10000000
10000000
10000000
10000000
10000000
10000000
10000000
10000000
10000000
10000000
10000000
10000000
10000000
10000000
10000000
10000000
10000000
11100011
01111011
10110100
10000000
10000000
10000000
10000000
10000000
10000000
10000000
10000000
10000000
10000000
10000000
10000000
10000000
10000000
10000000
10000000
10000000
10000000
10000000
10000000
10000000
10000000
10000000
10000000
10000000
11100011
01110110
10101001
10000000
10000000
10000000
10000000
10000000
10000000
10000000
10000000
10000000
10000000
10000000
10000000
10000000
10000000
10000000
10000000
10000000
10000000
10000000
10000000
10000000
10000000
10000000
10000000
10000000
11111110
01100101
10000000
10000000
10000000
10000000
10000000
10000000
10000000
10000000
10000000
10000000
10000000
10000000
10000000
10000000
10000000
10000000
10000000
10000000
10000000
10000000
10000000
10000000
10000000
10000000
10000000
10000000
10000000
10000000
10000000
10000000
10000000
10000000
10000000
10000000
10000000
10000000
10000000
10000000
10000000
10000000
10000000
10000000
10000000
10000000
10000000
10000000
10000000
10000000
10000000
10000000
10000000
10000000
10000000
10000000
10000000
10000000
10000000
10000000
10000000
10000000
10000000
10000000
10000000
10000000
10000000
10000000
10000000