10000000
10000000
10000000
10000000
10000000
10000000
10000000
10000000
10000000
10000000
10000000
10000000
10000000
10000000
10000000
10000000
10000000
10000000
10000000
10000000
10000000
10000000
10000000
10000000
10000000
10000000
10000000
10000000
10000000
10000000
10000000
10000000
10000000
10000000
10000000
10000000
10000000
10000000
10000000
10000000
10000000
10000000
10000000
10000000
10000000
10000000
10000000
10000000
10000000
10000000
10000000
10000000
10000000
10000000
10000000
10000000
10000000
10000000
10000000
10000000
10000000
10000000
10000000
10000000
10000000
10000000
10000000
10000000
10000000
10000000
10000000
10000000
10000000
10000000
10000000
10000000
10000000
10000000
10000000
10000000
10000000
10000000
10000000
10000000
10000000
10000000
10000000
10000000
10000000
10000000
10000000
10000000
10000000
10000000
10000000
10000000
10000000
10000000
10000000
10000000
10000000
10000000
10000000
10000000
10000000
10000000
10000000
10000000
10000000
10000000
10000000
10000000
10000000
10000000
10000000
10000000
10000000
10000000
10000000
10000000
10000000
10000000
10000000
10000000
10000000
10000000
10000000
10000000
10000000
10000000
10000000
10000000
10000000
10000000
10000000
10000000
10000000
10000000
10000000
10000000
10000000
10000000
10000000
10000000
10000000
10000000
10000000
10000000
10000000
10000000
10000000
10000000
10001110
10010100
10000000
10000000
10000000
10000000
10000000
10000000
10000000
10000000
10000000
10000000
10000000
10000000
10000000
10000000
10000000
10000000
10000000
10000000
10000000
10000000
10000000
10000000
10000000
10000000
10000000
11101111
01011001
01101000
00000100
10111001
11011100
11011100
11011100
11011100
10101011
10000000
10000000
10000000
10000000
10000000
10000000
10000000
10000000
10000000
10000000
10000000
10000000
10000000
10000000
10000000
10000000
10000110
00011111
01111100
01111110
01111110
01111110
01111100
01111110
01111110
01111110
01111110
01111011
00001001
10010101
10000000
10000000
10000000
10000000
10000000
10000000
10000000
10000000
10000000
10000000
10000000
10000000
10000000
10100101
01001101
01111110
01111110
01111110
01111110
01111110
01101010
01001000
00000101
00000101
01000101
01110010
01111110
00110010
10000011
10000000
10000000
10000000
10000000
10000000
10000000
10000000
10000000
10000000
10000000
10000000
10100000
01100000
01111110
01100000
01001000
11111100
00001010
01001000
10100000
10000000
10000000
10000000
10000000
10100110
00110100
01111110
00000001
10000000
10000000
10000000
10000000
10000000
10000000
10000000
10000000
10000000
10000000
10010001
01011111
01111110
01101111
10100001
10000100
10000000
10000000
10000100
10000000
10000000
10000000
10000000
10000000
10000000
10001000
01101011
01110000
11110001
10000000
10000000
10000000
10000000
10000000
10000000
10000000
10000000
10000101
11110111
01111110
01111001
11000011
10000000
10000000
10000000
10000000
10000000
10000000
10000000
10000000
10000000
10000000
10000000
10000000
11010100
01111110
01111110
10000000
10000000
10000000
10000000
10000000
10000000
10000000
10000000
10111111
01111110
01111110
11100010
10000000
10000000
10000000
10000000
10000000
10000000
10000000
10000000
10000000
10000000
10000000
10000000
10000000
11000100
01111110
01111110
10000000
10000000
10000000
10000000
10000000
10000000
10000000
10000000
01010000
01111110
01101100
10000100
10000000
10000000
10000000
10000000
10000000
10000000
10000000
10000000
10000000
10000000
10000000
10000000
10000000
11000100
01111110
01111110
10000000
10000000
10000000
10000000
10000000
10000000
10000000
10000000
01111110
01111100
11110101
10000000
10000000
10000000
10000000
10000000
10000000
10000000
10000000
10000000
10000000
10000000
10000000
10000000
10000000
11001001
01111110
01111000
10000000
10000000
10000000
10000000
10000000
10000000
10000000
10000000
01111110
01110100
10101110
10000000
10000000
10000000
10000000
10000000
10000000
10000000
10000000
10000000
10000000
10000000
10000000
10000000
10000000
00000000
01111110
01000010
10000000
10000000
10000000
10000000
10000000
10000000
10000000
10000000
01111111
01111110
11000011
10000000
10000000
10000000
10000000
10000000
10000000
10000000
10000000
10000000
10000000
10000000
10000000
10000000
10010101
01110111
01111110
00001101
10000000
10000000
10000000
10000000
10000000
10000000
10000000
10000000
01111111
01111110
11001010
10000001
10000000
10000000
10000000
10000000
10000000
10000000
10000000
10000000
10000000
10000000
10000011
11001100
01011110
01111110
01101000
10100100
10000000
10000000
10000000
10000000
10000000
10000000
10000000
10000000
00100011
01111110
01111110
11011111
10000000
10000000
10000000
10000000
10000000
10000000
10000000
10000000
10101000
11110001
01000000
01111110
01111110
01001111
10010100
10000000
10000000
10000000
10000000
10000000
10000000
10000000
10000000
10000000
10011110
01011110
01111110
01111000
00111001
00000110
11100011
10111110
00000110
00000110
00000110
01001000
01110011
01111110
01111110
01101001
00001011
10001001
10000000
10000000
10000000
10000000
10000000
10000000
10000000
10000000
10000000
10000000
10000000
10011100
00100010
01111100
01111110
01111110
01111110
01111110
01111110
01111110
01111110
01111110
01111110
01111000
11111110
10011011
10000000
10000000
10000000
10000000
10000000
10000000
10000000
10000000
10000000
10000000
10000000
10000000
10000000
10000000
10000000
10110111
00101100
00111010
00111010
01010100
00111010
00111010
00111010
11111010
11011011
10110101
10000000
10000000
10000000
10000000
10000000
10000000
10000000
10000000
10000000
10000000
10000000
10000000
10000000
10000000
10000000
10000000
10000000
10000000
10000000
10000000
10000000
10001011
10000000
10000000
10000000
10000000
10000000
10000000
10000000
10000000
10000000
10000000
10000000
10000000
10000000
10000000
10000000
10000000
10000000
10000000
10000000
10000000
10000000
10000000
10000000
10000000
10000000
10000000
10000000
10000000
10000000
10000000
10000000
10000000
10000000
10000000
10000000
10000000
10000000
10000000
10000000
10000000
10000000
10000000
10000000
10000000
10000000
10000000
10000000
10000000
10000000
10000000
10000000
10000000
10000000
10000000
10000000
10000000
10000000
10000000
10000000
10000000
10000000
10000000
10000000
10000000
10000000
10000000
10000000
10000000
10000000
10000000
10000000
10000000
10000000
10000000
10000000
10000000
10000000
10000000
10000000
10000000
10000000
10000000
10000000
10000000
10000000
10000000
10000000
10000000
10000000
10000000
10000000
10000000
10000000
10000000
10000000
10000000
10000000
10000000
10000000
10000000
10000000
10000000
10000000
10000000
10000000
10000000
10000000
10000000
10000000
10000000
10000000
10000000
10000000
10000000
10000000
10000000
10000000
10000000
10000000
10000000
10000000
10000000
10000000
10000000
10000000
10000000
10000000
10000000
10000000
10000000
10000000
10000000
10000000
10000000
10000000
10000000
10000000
10000000
10000000
10000000
10000000
10000000
10000000
10000000
10000000
10000000
10000000
10000000
10000000
10000000
10000000
10000000
10000000
10000000
10000000