10000000
10000000
10000000
10000000
10000000
10000000
10000000
10000000
10000000
10000000
10000000
10000000
10000000
10000000
10000000
10000000
10000000
10000000
10000000
10000000
10000000
10000000
10000000
10000000
10000000
10000000
10000000
10000000
10000000
10000000
10000000
10000000
10000000
10000000
10000000
10000000
10000000
10000000
10000000
10000000
10000000
10000000
10000000
10000000
10000000
10000000
10000000
10000000
10000000
10000000
10000000
10000000
10000000
10000000
10000000
10000000
10000000
10000000
10000000
10000000
10000000
10000000
10000000
10000000
10000000
10000000
10000000
10000000
10000000
10000000
10000000
10000000
10000000
10000000
10000000
10000000
10000000
10000000
10000000
10000000
10000000
10000000
10000000
10000000
10000000
10000000
10000000
10000000
10000000
10000000
10000000
10000000
10000000
10000000
10000000
10000000
10000000
10000000
10000000
10000000
10000000
10000000
10000000
10000000
10000000
10000000
10000000
10000000
10000000
10000000
10000000
10000000
10000000
10000000
10000000
10000000
10000000
10000000
10000000
10000000
10000000
10000000
10000000
11010110
01111110
01111110
01111110
01111110
00000111
10000000
10000000
10000000
10000000
10000000
10000000
10000000
10000000
10000000
10000000
10000000
10000000
10000000
10000000
10000000
10000000
10000000
10000000
10000000
10000000
10000000
11011010
01111010
01111101
01111101
01111101
01111101
01111100
01111000
00100000
11110110
10101101
10000000
10000000
10000000
10000000
10000000
10000000
10000000
10000000
10000000
10000000
10000000
10000000
10000000
10000000
10000000
10000000
10000000
01011000
01111101
01111101
01111101
01111101
01111101
01111101
01111101
01111101
01111101
01101000
11100111
10000000
10000000
10000000
10000000
10000000
10000000
10000000
10000000
10000000
10000000
10000000
10000000
10000000
10000000
10000000
00010000
01111011
01111101
01111101
01100000
10110000
10110001
00101010
01111101
01111101
01111101
01111101
01101010
10000000
10000000
10000000
10000000
10000000
10000000
10000000
10000000
10000000
10000000
10000000
10000000
10000000
10000000
11011111
01111011
01111101
01111101
00110110
10010010
10000000
10000000
10000110
10110001
00101010
01111101
01111101
01111011
00010101
10000000
10000000
10000000
10000000
10000000
10000000
10000000
10000000
10000000
10000000
10000000
10000000
11011000
01100001
01111101
01111101
01111101
10111101
10000000
10000000
10000000
10000000
10000000
10011010
01011101
01111101
01111101
01110101
10101010
10000000
10000000
10000000
10000000
10000000
10000000
10000000
10000000
10000000
10000000
10101000
01110101
01111101
01111101
01111101
00001001
10000111
10000000
10000000
10000000
10000000
10000000
10000000
10101010
01011101
01111101
01111101
11110101
10000000
10000000
10000000
10000000
10000000
10000000
10000000
10000000
10000000
10000000
11110110
01111101
01111101
01111101
01100001
10011011
10000000
10000000
10000000
10000000
10000000
10000000
10000000
10000000
00011100
01111101
01111101
11110101
10000000
10000000
10000000
10000000
10000000
10000000
10000000
10000000
10000000
10000000
11110110
01111101
01111101
01111101
10111010
10000000
10000000
10000000
10000000
10000000
10000000
10000000
10000000
10000000
00011100
01111101
01111101
11110101
10000000
10000000
10000000
10000000
10000000
10000000
10000000
10000000
10000000
10000000
00010111
01111101
01111101
00110001
10001000
10000000
10000000
10000000
10000000
10000000
10000000
10000000
10000000
10000000
00011100
01111101
01111101
01011001
10000000
10000000
10000000
10000000
10000000
10000000
10000000
10000000
10000000
10000000
01111000
01111101
01111101
10111010
10000000
10000000
10000000
10000000
10000000
10000000
10000000
10000000
10000000
10000000
00011100
01111101
01111101
01110111
10000000
10000000
10000000
10000000
10000000
10000000
10000000
10000000
10000000
10000000
00011010
01111101
01111101
11111000
10000000
10000000
10000000
10000000
10000000
10000000
10000000
10000000
10000000
10000000
00011100
01111101
01111101
01011100
10000000
10000000
10000000
10000000
10000000
10000000
10000000
10000000
10000000
10000000
01010000
01111101
01111101
00011011
10000000
10000000
10000000
10000000
10000000
10000000
10000000
10000000
10000000
10000110
00101110
01111101
01111101
11110101
10000000
10000000
10000000
10000000
10000000
10000000
10000000
10000000
10000000
10000000
00100000
01111101
01111101
00011011
10000000
10000000
10000000
10000000
10000000
10000000
10000000
10000000
10000111
00000110
01111101
01111101
01111101
11110101
10000000
10000000
10000000
10000000
10000000
10000000
10000000
10000000
10000000
10000000
11110110
01111101
01111101
00011011
10000000
10000000
10000000
10000000
10000000
10000000
10000000
10000110
11000011
01111101
01111101
01111101
01111100
11100110
10000000
10000000
10000000
10000000
10000000
10000000
10000000
10000000
10000000
10000000
10101101
01110110
01111101
01011000
10100001
10000000
10000000
10000000
10000000
10000111
10011011
00000110
01111101
01111101
01111101
01111011
00010100
10000000
10000000
10000000
10000000
10000000
10000000
10000000
10000000
10000000
10000000
10000000
10000000
01110001
01111101
01111101
01011000
10101000
00000000
00010110
00010110
00101110
01111101
01111101
01111101
01111101
01111011
01010111
10000000
10000000
10000000
10000000
10000000
10000000
10000000
10000000
10000000
10000000
10000000
10000000
10000000
11101001
01110011
01111101
01111101
01111101
01111101
01111101
01111101
01111101
01111101
01111101
01111101
01111101
00011001
10000000
10000000
10000000
10000000
10000000
10000000
10000000
10000000
10000000
10000000
10000000
10000000
10000000
10000000
10000000
01100101
01111101
01111101
01111101
01111010
01111101
01111101
01011101
01010010
00011100
00110111
11110101
10101101
10000000
10000000
10000000
10000000
10000000
10000000
10000000
10000000
10000000
10000000
10000000
10000000
10000000
10000000
10000000
10000000
00100001
00001011
01101010
11010011
11111011
11111011
11011111
10000000
10000000
10000000
10000000
10000000
10000000
10000000
10000000
10000000
10000000
10000000
10000000
10000000
10000000
10000000
10000000
10000000
10000000
10000000
10000000
10000000
10000000
10000000
10000000
10000000
10000000
10000000
10000000
10000000
10000000
10000000
10000000
10000000
10000000
10000000
10000000
10000000
10000000
10000000
10000000
10000000
10000000
10000000
10000000
10000000
10000000
10000000
10000000
10000000
10000000
10000000
10000000
10000000
10000000
10000000
10000000
10000000
10000000
10000000
10000000
10000000
10000000
10000000
10000000
10000000
10000000
10000000
10000000
10000000
10000000
10000000
10000000
10000000
10000000
10000000
10000000
10000000
10000000
10000000
10000000
10000000
10000000
10000000
10000000
10000000
10000000
10000000
10000000
10000000
10000000
10000000
10000000
10000000
10000000
10000000
10000000
10000000
10000000
10000000
10000000
10000000
10000000
10000000
10000000
10000000
10000000
10000000
10000000
10000000
10000000
10000000
10000000
10000000
10000000
10000000
10000000
10000000
10000000
10000000
10000000
10000000
10000000
10000000
10000000