0.07716777
0.22504507
-0.018488787
-0.24377641
0.07549223
0.24215539
-0.07338072
0.18114258
0.15646166
-0.40516314
-0.21496294
0.21014999
-0.27676377
-0.3265055
-0.07677738
0.011246478
-0.4939017
0.03562245
-0.26616248
-0.021942688
0.15568827
-0.1445014
-0.33711904
0.20557699
0.23703869
0.213442
0.011865285
0.102201045
0.13986184
-0.039729428
-0.18933976
-0.36128455
-0.47016653
0.4487556
-0.10226563
-0.13871925
0.24541883
-0.08326768
-0.1520448
-0.2839808
-0.28253046
0.050839473
-0.20727621
-0.5332031
0.20620689
-0.06469422
-0.40489122
-0.1041903
-0.43190786
-0.30834857
-0.07274657
0.14642116
0.28257093
0.1613527
-0.22820774
-0.0816825
0.029803248
0.20876673
-0.09399362
-0.06536569
0.08968419
0.12104489
0.25034815
0.075933896
0.06718439
0.17364869
0.06396951
0.10537253
0.2112312
-0.39797378
-0.21169583
-0.3855291
0.046957184
-0.19819158
0.11347003
0.050258625
0.14000086
0.19979616
0.19786991
0.22392909
0.20616022
0.16338673
-0.056069415
0.1253614
-0.12389189
-0.1759123
-0.34813106
-0.41725755
0.2380128
0.13633463
-0.21594399
0.0030916221
-0.028297566
-0.1268323
-0.2012384
0.14166462
0.1098134
0.35940787
-0.29448965
-0.16019967
0.1962981
0.082240544
-0.34915707
-0.2943922
0.020626653
-0.29642302
-0.43524414
0.25178248
-0.025617186
0.20076133
-0.094295144
0.09480752
-0.22663012
0.0990094
-0.2789021
-0.40713534
0.16942668
-0.091828205
-0.014352504
-0.2746618
-0.5027551
0.14614144
-0.110755004
-0.15199687
0.17189433
-0.08781962
0.06226135
-0.32528752
-0.13718797
-0.039347295
-0.066769905
-0.27382493
-0.1667734
0.031314276
-0.0152146695
0.038371444
-0.26855028
0.040220045
-0.13001183
0.17805041
-0.07890031
-0.031616703
0.19211629
-0.21442226
-0.15894456
-0.305653
0.1807897
-0.32768798
-0.25717244
0.1995199
0.036901437
-0.15644155
0.14959264
0.1794685
0.20548026
0.048707295
0.05689098
-0.17576206
-0.23312962
-0.13993686
0.12209292
0.5307596
0.042001314
0.26758754
0.3242122
0.08159264
-0.44741577
0.14275353
0.22611368
-0.39507195
0.07604673
0.072825104
0.4073677
0.07143155
-0.16690297
-0.06518184
0.20322715
-0.10332801
-0.058499474
-0.08833439
-0.08981408
0.24344262
-0.26658878
-0.4920894
-0.062253803
0.28659737
0.03961608
-0.24011889
-0.46375346
0.026414447
0.17441408
0.3730503
0.18538974
0.09000135
-0.2691726
-0.29755196
-0.35125715
-0.0650306
0.033446632
0.21533878
0.02951553
-0.20933521
0.033887208
-0.13949065
-0.27655464
-0.1745349
-0.12423008
-0.1785894
-0.19753341
-0.20303889
0.15223043
-0.11541902
-0.2632718
-0.2226439
0.23881711
0.26353365
0.124063596
-0.15630636
-0.40430543
-0.12351947
-0.19325648
0.113990515
0.18516156
-0.10088812
0.03134366
0.20175926
-0.12080309
-0.43298188
0.21640478
-0.06576239
0.10206479
0.09403284
-0.32785544
-0.49090248
-0.031856954
0.24330391
0.09971315
0.19076003
-0.19673209
-0.2145555
0.13543908
-0.17462952
-0.17944011
0.13540646
0.17836206
0.011756696
0.08801429
0.15579233
0.2616071
-0.29546088
-0.3212333
0.24715225
-0.5915743
0.13114505
0.2164388
-0.11091367
-0.08450886
-0.3181647
0.23663394
0.16347319
0.159868
0.2776335
-0.31077635
0.19364323
0.20649444
0.11881988
0.13113117
0.2847859
0.11244492
-0.3353975
0.004921411
-0.26008236
-0.40866065
0.09916235
0.12090601
-0.20130101
0.25326025
0.09578471
-0.40906233
0.07709879
0.07611146
0.17009963
-0.36434796
0.16469915
-0.50841916
0.26362523
0.27271912
0.33460337
0.17026494
-0.3778672
-0.2142455
0.11526809
-0.5365964
0.18382251
0.12849061
0.27262163
0.34214246
0.08857232
0.16254301
0.19655648
-0.448703
-0.14887415
-0.37713206
-0.1924985
0.05996397
0.09299977
0.052007347
-0.28860685
-0.23009159
0.13032864
-0.20807946
0.26561004
-0.4623505
0.053437244
-0.37892956
-0.29301143
0.18410268
-0.12912902
-0.06213951
-0.14442655
-0.038806215
0.10448825
-0.28049985
-0.033078812
-0.2112584
-0.23913622
-0.2463219
-0.22635537
-0.09326813
-0.057658926
-0.24279907
0.07907633
-0.019428194
0.18147168
0.05396299
0.12897424
-0.21285422
0.16549881
0.07941992
-0.030889336
-0.18146692
0.061020274
-0.1379398
-0.29431027
0.11935228
0.08619099
0.22687961
-0.046964243
0.19561402
-0.22278608
0.014055607
-0.38930216
-0.16744556
0.29719555
-0.26029667
-0.15493768
0.2390329
-0.08696961
0.046485506
-0.03335383
-0.1536321
-0.105192505
0.19834754
0.0203641
-0.24461177
-0.49950102
0.107192695
0.03649946
-0.28476748
0.08030976
-0.19113667
-0.33855873
-0.26844972
-0.3187282
0.11103757
0.05303076
-0.094271794
0.15307625
0.22714931
0.1706566
0.10106351
0.2563777
0.06763857
0.072113425
-0.24716468
-0.2391339
0.038574457
0.0057468377
-0.35220662
0.20132849
0.043081082
-0.18897939
0.080204256
-0.11719393
0.17909263
-0.03408242
0.157496
-0.31528142
0.024479019
0.043934084
-0.0797688
-0.067121916
-0.19053382
-0.13799109
-0.1831215
0.015047424
-0.007687381
-0.23697111
-0.022689892
-0.04942606
-0.27064013
0.06672483
0.0055408124
0.019216765
-0.03275614
-0.14584042
0.265423
-0.06007523
-0.24730785
-0.27027208
-0.09691722
0.19267765
-0.20041083
0.13973111
-0.3816636
0.2591552
0.22798929
0.22685532
0.014847333
0.090947546
-0.39801565
0.0872632
-0.30183017
-0.21613476
-0.062282328
-0.11714601
0.23246393
0.04796693
0.26837084
-0.04501188
0.31731462
-0.41155675
0.21399571
0.15093645
0.3504552
0.007722953
-0.09261965
-0.33924687
0.3013519
0.27110547
0.153207
-0.17787074
-0.17908561
0.36550403
0.14333114
0.1544897
0.013235845
0.07774106
-0.063656844
0.023658719
0.060221944
-0.22462119
-0.04975194
0.23495303
-0.045610838
0.19656944
0.1215251
-0.13385409
-0.041406307
0.17452973
-0.51724935
0.16539346
0.20507087
-0.4624599
-0.050563063
-0.14197843
0.09307765
-0.2622985
0.1286721
-0.04856056
-0.24139698
0.005799469
0.20745645
-0.18414034
-0.043091103
0.03531453
-0.5342239
0.21585335
-0.21745585
-0.21860692
0.03396237
0.079573594
0.26279467
0.051033426
0.32927144
0.052838597
-0.16210356
0.028085833
0.19015293
-0.29941186
-0.26469636
0.011780142
-0.4036904
-0.16150063
0.17660125
-0.17591266
0.21973403
-0.2541167
-0.116681956
0.039543424
-0.35703743
0.13172188
-0.4613889
0.038336225
0.2935457
-0.045971055
-0.036185306
-0.2801701
-0.16465673
0.0037636333
0.11277756
0.18929933
-0.17060475
-0.3561808
-0.08024847
-0.14235471
0.09270711
0.009946508
-0.037175402
0.04210271
0.031965848
-0.11009892
-0.16409431
-0.30414954
0.22820258
-0.19399352
-0.43192717
0.022716308
0.004076215
-0.014166025
0.12336879
-0.2135752
-0.59312004
-0.26578456
-0.24115625
-0.09860293
0.3357469
-0.3296249
0.007657055
-0.15449178
0.11530333
-0.34830865
-0.03036391
-0.17089683
0.2244373
0.23587218
0.2591511
-0.40621987
0.26716495
-0.15552185
-0.35999224
0.21385387
-0.19270962
0.08069085
-0.005999451
-0.06554165
0.03136008
-0.19340402
0.104333386
0.26002988
-0.06421768
0.17009857
-0.34709433
-0.18956329
0.2634662
0.24835189
-0.04585634
-0.21479417
-0.17649554
0.23803182
-0.11205093
0.29294008
0.16267942
-0.30388933
0.11207708
0.080619164
0.03459408
0.025332917
0.11564881
0.01636051
-0.4033305
-0.36052486
-0.385717
-0.073139645
0.062118556
-0.14654025
0.24522169
-0.16534364
-0.21927653
-0.37870285
0.04896248
0.2359312
0.1261755
0.16459984
0.030815873
-0.11731643
-0.39420155
-0.2476384
-0.17120188
0.06543231
0.21781552
-0.5680406
-0.5637678
-0.41912496
0.3410418
0.09877794
-0.23018871
0.12762418
-0.36097944
-0.14272547
0.07021651
0.19282609
0.1883437
-0.38237205
0.23380862
-0.25010392
-0.30802336
0.11716467
-0.15651532
0.13679644
-0.20390658
0.14346038
-0.024918582
-0.04904735
0.053839296
0.25558886
-0.112015806
0.008001724
-0.077222444
-0.415005
0.32685632
-0.1659818
0.14993194
0.13980472
0.15661208
0.04022595
-0.37479037
0.24156003
-0.2987799
0.17971563
0.167343
-0.16009709
0.049583357
0.03677028
-0.51447743
0.2365992
0.28627273
0.15478198
-0.33551875
-0.18181372
-0.051407564
-0.31304953
0.14824918
0.08763166
-0.08914786
-0.5063055
0.26003116
-0.4018889
0.10207871
-0.41472042
-0.29739383
-0.003961114
0.07100515
-0.54804045
-0.15268569
-0.22317874
-0.4952075
-0.41993213
-0.08169927
-0.35133442
-0.14453022
-0.10984489
0.08474332
-0.33893028
-0.1448701
0.19857761
0.16445419
-0.19941977
0.06933331
-0.33150727
0.09056052
0.14507952
-0.22936995
-0.43626875
-0.0253128
-0.1648248
0.08689402
-0.1259167
-0.1500571
0.100407295
0.15057583
0.05678159
-0.03640038
-0.22431187
-0.2482554
-0.11744369
0.1870745
-0.42995283
-0.15217055
0.046523146
0.14017098
0.08051799
-0.17843834
-0.14579013
-0.34808603
-0.062048275
0.11741459
-0.041459087
-0.2810518
-0.12959288
0.08866972
0.036794655
0.11139084
0.16590454
-0.19030955
-0.07580462
-0.11942758
0.23939395
-0.0061369333
-0.17230129
0.06249615
-0.47400287
-0.21892112
-0.24432635
0.22429635
0.2116855
0.0723122
-0.5110499
0.015715748
0.28861663
-0.019663133
0.17845759
-0.4637507
0.065742046
0.021175839
0.10509113
0.2934493
0.006657603
0.0413242
0.19246782
-0.021569861
0.094163194
-0.008790891
-0.167198
-0.15247743
0.19682248
0.088598855
-0.16119699
0.1072875
0.19333817
0.104737036
-0.095275335
-0.0977872
0.17219813
0.27803123
-0.27811795
-0.15196559
0.21848094
-0.35042703
-0.2505328
0.061938386
-0.19434361
-0.19196485
-0.2477148
0.3774625
0.08009114
-0.07128272
-0.13686769
-0.24161306
-0.42826152
-0.20021711
0.01935233
-0.3718012
-0.17205875
-0.05211522
-0.3097019
0.18117274
-0.11237434
-0.083977066
0.08684722
0.2301477
0.26038465
-0.43829843
0.041902006
-0.30089402
-0.27220008
0.15783714
-0.44061363
-0.08686825
0.22226869
-0.31113905
0.0012844934
0.26029024
0.26416317
0.25314125
-0.26784286
-0.18624131
0.44672465
0.005632716
-0.29793364
-0.45794675
0.03456007
-0.30289617
0.06516302
-0.16129835
-0.13125598
0.13918407
-0.16345601
-0.27281108
0.04168762
-0.021396676
-0.2809484
-0.3456055
0.057604033
-0.27749336
-0.24222848
-0.3218151
0.109896
0.13264424
0.17879075
-0.38242313
0.19122672
0.005765369
-0.015757564
0.08291882
0.21051492
-0.22889113
-0.1094957
-0.42062536
-0.31502083
-0.16827406
0.14837234
-0.0016424506
-0.098131426
0.10746706
0.26951265
-0.11653575
0.05154121
0.20036204
-0.44954652
-0.1134193
0.23758136
-0.18878679
0.097493924
0.34982124
0.11672983
0.16356756
0.042110104
-0.11347019
-0.22978386
0.05010404
-0.035557885
-0.19086808
0.30621466
0.054398306
-0.17044707
-0.033618905
-0.06063705
0.18176499
0.22574182
-0.36148334
-0.3375932
0.005178963
0.13312908
-0.14760584
-0.12262504
-0.2936702
-0.25166827
0.047545347
0.19889729
-0.0145747885
0.043495644
0.024204167
0.20020866
-0.15858936
0.036191713
-0.34434494
-0.3513046
-0.13084091
0.15255652
-0.025685212
0.23101692
0.2383442
0.14962597
0.08597473
0.08683839
0.1088124
0.051053714
0.29985783
-0.037911262
0.24593371
-0.33242452
0.10761081
0.054797366
-0.3827629
-0.1194467
-0.019693913
0.26470676
0.100973435
0.07495912
0.0061500156
0.14482367
-0.14726761
-0.1367623
-0.29976207
-0.14379855
0.07559266
0.18822452
0.17521313
-0.2746354
0.036068883
-0.08148663
-0.0019917646
0.002354989
0.12247351
0.31801564
0.4034411
0.10350428
-0.08580725
0.18923748
-0.46650818
-0.019659922
0.010258986
0.0302592
-0.26865223
0.27890986
-0.37885988
-0.24860135
0.110289074
0.29010308
0.07828655
-0.20064448
-0.31902677
-0.058114775
0.24615459
0.11319661
-0.17899966
-0.11523225
0.07706795
0.20449768
0.0999247
0.029727114
-0.032786198
-0.33382672
0.068811804
0.08326572
0.18019396
-0.14413795
-0.23983966
0.0901904
-0.13301578
-0.29337424
-0.037248146
-0.3294276
-0.14182699
0.34637326
0.07640227
-0.044868972
-0.030495554
-0.19100915
0.26837063
-0.25388664
-0.24941522
-0.39767084
0.1827646
-0.3053443
-0.3683424
0.202784
-0.5211825
-0.17021342
-0.005962374
0.25447154
0.20154387
-0.18405445
-0.1887703
0.115398936
0.15113232
0.2677845
-0.06476598
-0.014400143
-0.3831009
-0.30311036
0.02446549
0.0124262255
0.21144523
-0.3533041
0.29470673
0.12022961
-0.03187257
0.12949376
-0.11238037
-0.25738132
0.1275775
-0.36765876
0.14730677
0.06976225
0.06708139
-0.02238871
-0.1262391
0.046337634
0.026240883
0.32400933
0.20389552
-0.492744
0.30502647
0.26260042
-0.23590323
-0.34039837
-0.2734056
-0.016278895
-0.12169147
0.067260206
-0.23990206
-0.080100425
0.20015123
-0.0077183256
-0.42472702
0.065543644
-0.32129383
-0.10558363
-0.28455576
0.12335084
-0.037165392
-0.16002494
0.02423319
-0.25871518
0.26930293
0.10036988
0.032341562
-0.2128
-0.047178388
0.11102187
0.15900373
0.0848998
0.09577405
-0.11819036
-0.29038516
0.15964489
-0.06326922
-0.24016343
-0.37867332
0.27607322
0.2205147
0.09855311
0.00898489
-0.5107144
0.069077
-0.31019497
-0.17907323
0.009985851
-0.48497787
0.28503
-0.17879197
-0.22187547
-0.21693134
-0.17707907
-0.024932204
0.15418762
-0.273792
-0.04871895
0.04453049
0.07542522
0.103198096
0.09455743
-0.033965807
-0.041204505
-0.3024257
-0.199543
-0.12890075
0.14500369
-0.011696442
-0.3969022
0.38422593
-0.17587456
0.038051967
0.08475873
-0.062765546
-0.14290655
0.010786963
0.016512001
0.16142063
-0.14191519
0.21287175
-0.1538347
0.046120588
0.18227136
0.1703081
0.06671552
-0.014537996
0.022505036
0.15457362
0.07573712
0.120765276
0.08582775
0.21738176
-0.19185358
-0.24938084
0.063711084
0.14340372
-0.27277818
-0.059417143
-0.19508426
-0.07994483
-0.23380555
0.04625841
0.14467807
0.009016461
0.13719475
0.15976575
-0.079376586
-0.057395265
-0.22659078
0.16507915
-0.2288093
0.081022
-0.1343671
-0.043140654
-0.059371196
0.2131154
0.04628931
-0.089415215
-0.23765214
0.17951974
0.04619048
-0.13820614
0.20335741
0.1459373
0.17978661
0.03579997
0.23799635
-0.2918432
0.31152818
-0.27336028
-0.45158228
-0.1649221
0.20680687
0.017204842
0.23823223
-0.36688286
0.11771298
0.3133287
0.03537129
0.09447428
-0.03386653
-0.28663287
0.016877048
-0.16042154
-0.26978114
-0.12176205
-0.26232797
-0.073101975
0.088502936
0.14358845
-0.11867087
-0.22190093
0.039546628
0.25947
0.2750581
-0.049403273
0.09876644
0.27400395
-0.044597514
-0.06364851
-0.09608219
0.122992754
-0.0023436805
0.0647824
-0.07302629
0.31612536
-0.071406975
-0.15917128
0.22306664
-0.096824095
-0.28320947
0.025284583
-0.05352651
-0.37400675
-0.1908588
0.26094908
-0.4093696
0.49455288
-0.21984944
0.031714793
0.11551883
0.15654448
-0.31063917
-0.12066116
-0.1836788
0.1197028
-0.19874956
-0.15535304
0.1631166
0.11125436
0.10914028
-0.15363163
0.19828884
0.3160905
-0.04331016
0.13244043
-0.11519201
-0.18724316
0.21640827
-0.30803666
0.04647367
0.27868453
-0.27510896
-0.531099
-0.38692647
-0.022161344
0.29878107
0.067717016
-0.4786845
0.16445804
0.04073752
-0.039836634
0.27060115
0.21802585
0.17797458
-0.1298076
-0.27250108
0.22985299
0.01249298
-0.26361945
-0.04920432
0.25019458
-0.2816491
0.046705224
-0.002532693
-0.19486141
-0.10039512
-0.32409978
-0.0911105
-0.016359804
0.020768506
0.037125546
0.2495543
-0.31986204
-0.17342713
-0.20092286
-0.23066038
0.14480141
0.187578
-0.4432982
0.18055776
0.14154375
-0.15199395
0.1256722
0.22704521
0.100264624
-0.21018715
-0.074604124
0.13886069
-0.38844296
0.19706395
0.18334787
-0.118956625
0.023317587
-0.24251622
0.15909486
0.2131015
0.19075826
-0.009796402
-0.08497355
0.10189967
0.06988862
-0.3402328
0.054034434
-0.10316993
-0.022948641
-0.06650758
