11101001
11100100
00010001
00111010
10100100
01111111
10100001
11111010
01101000
00010000
10001010
01000001
01001011
00011111
10110101
10000001
01001110
10000110
00010111
00100100
10010001
11010110
01111100
00110101
01101010
10101111
10001111
10100101
10101001
10100101
00001101
00001110
11010101
10000010
01000001
11101011
11101010
00111000
00010010
00000011
10110000
00101010
01111011
11011001
00001001
01111000
10010110
01000110
01101011
10101000
10011010
01100011
01100001
01000111
01001100
11011101
11011000
00111011
00100100
10001110
00000011
10111111
00100011
00101011
11010110
00010101
01111000
01110000
00010011
00111100
00100001
00100000
00100010
11011010
01010011
00001010
11110000
10000011
11100100
00011010
11110010
01000100
10100110
01101110
11011111
11111010
01000011
11000101
11000001
10000001
01011111
10001101
01000010
00011100
11001111
11001001
11001110
11101010
01111010
00110010
11001000
11101101
11000001
01010110
01110011
11100111
11001000
00010100
00001111
11010010
01000101
11100100
10101000
00010110
10110000
00000000
10111111
11010101
00000001
00110110
10010111
11111001
01010000
11000110
01001110
10001110
10101011
11010101
