10000000
10000000
10000000
10000000
10010011
10000000
10000000
10000000
10001001
10000000
10000000
10000000
10010110
10000000
10000000
10011011
10000011
10000000
10000000
10000000
10000000
10010100
10000000
10000000
10000000
10000000
10000000
10010110
10001000
10000000
10000000
10000000
10000000
10000000
10000000
10000001
10000000
10000000
10000000
10000000
10000000
10000000
10000000
10000000
10000000
10000000
10000000
10000000
10000000
10000000
10001010
10000000
10000000
10000000
10001100
10000001
10000000
10000000
10000000
10000000
10000000
10000000
10000000
10000000
10000101
10000000
10000000
10000000
10100010
10000000
10101011
10001110
10000000
10000000
10000000
10000000
10000000
10000000
10000000
10001010
10000000
10000000
10000000
10000000
10000000
10010001
10000000
10000000
10100111
10010000
10000000
10010000
10000000
10000000
10000000
10101101
10001011
10000010
10000000
10000000
10000000
10000000
10000000
10000110
10000000
10000000
10000000
10000000
10000000
10000001
10100001
10000000
10000000
10010110
10000000
10000000
10000000
10000000
10000011
10001000
10000000
10000000
10011011
10000000
10001000
10000000
10000000
10000000
