01101010
10001011
00010101
01000000
11001101
01011010
10011101
01001111
10011011
00111010
10010100
01110011
10010001
10101100
01010000
10111100
10100100
11000011
00100111
11100011
00010001
11101100
00001100
00100101
01100010
10011011
01111100
11101101
11010010
10111101
00010100
00111111
01000011
00010010
10000111
11011111
01010101
11000110
01111001
01110111
00011110
00111001
11110111
10000001
00101010
01100100
10000000
11000101
01100110
00001010
11010010
11000110
01111011
10111100
11110110
00000100
00110001
11100110
01001011
11111000
01101100
01010001
10011000
10001111
10000010
01001101
10111001
00101111
00010010
11010011
00100011
00100100
01010101
10001111
10100111
11010001
11000101
00111001
11101100
00010011
11011011
00110111
11010000
00001011
11110010
01111111
00111000
11010001
11011001
01111000
01111101
00010011
10110101
00000011
11110001
00111001
00000011
10010110
11010001
10001001
11000001
01100010
11111110
10101100
00000100
11111101
10011100
00111111
10100110
10010011
11011000
01001110
10010111
11101011
01011101
10101110
00011010
10110101
10000011
00011000
00000011
10001001
11010010
01111001
00111111
11101101
01011111
00110010
