11001101
00000001
10001001
00000011
10111100
10010000
10000101
01010101
10000000
11000000
00000111
01001011
00110000
11111101
00001100
00011011
00011001
11111011
00000001
00100010
11010101
00111001
11100000
11010011
10100111
11111110
00000111
11010110
10100100
10101011
10011011
01010111
11010010
11111111
00010101
01101111
11001011
10101010
11011100
11011010
10101100
01100111
11001000
11000011
10101010
11010010
00100010
10111101
11000001
10110000
11101101
11010001
10111100
11010100
10110010
10110010
10101101
11010110
00001110
00100100
11001110
11000001
10111001
11010110
00000100
01111101
11010010
11000100
10111110
10110001
10110111
11000011
11010000
11111111
10111100
10010101
00011110
01000001
10010111
00001000
11010001
11101010
11010100
00000100
00110000
00000100
11101001
10001100
01110011
10111110
10001011
01011011
11100110
00110010
10100011
00001110
10111100
10100101
01111000
11000100
10100001
11101100
01101110
10110010
00100100
11010010
11011100
00011001
01011010
00010101
11011001
00001010
10010010
10000000
11001011
10010111
11000110
01001110
11100110
01100011
11111111
00110011
01000011
10101111
11000110
11011100
00100110
01111001
11111010
11110101
11110110
00001100
11000000
11110110
00101011
01000110
10101101
00000010
11001010
10100000
11001110
11111101
11110011
11110110
11100010
11110001
11010110
11110110
11101101
00101110
00011110
11100011
01110011
10100111
10111101
11110011
10001110
10110001
10101100
11001101
11100100
11101001
11111011
10001100
10001010
01111010
10110000
01000110
00100011
10010111
10100110
00000011
01101100
11000011
00000000
11101101
10001001
11100101
00001010
10000001
11001100
00000001
11101000
11101111
11110011
11110010
00110000
11010000
00000111
10111000
10110011
10011101
00000101
00011111
10110011
10100000
11100111
10000110
11110000
11110010
11011101
11011001
10100100
00101011
00111010
00010100
01011010
10110010
01100100
00101101
10001101
10011111
11010001
01000100
11100110
11001000
10111110
11010010
00000001
01010101
10100010
10111000
10111010
00000010
01010000
01111001
00111101
11000000
10101001
10110101
00000001
10000000
11101001
11101011
10100001
11101000
00001101
10010100
11010010
10011101
11000111
11110111
11100010
10001000
11110111
10101011
01010001
11001101
10110101
11001110
00001111
11100011
10100011
00000001
10001001
10111100
