10000000
10000000
10000000
10000000
11000100
10000000
10000000
10000000
10000000
10000000
10000000
10000000
10001000
10000000
10000000
10000000
10000000
10000000
10000000
10000000
10000000
10011100
10000000
10000000
10000000
10000000
10000000
10000000
10010100
10111111
10000000
10000000
10000000
10000000
10000000
10000000
10000000
10000000
10000000
10000000
10011001
10000000
10000000
10000000
10000000
10000000
10000000
10000000
10000000
10000000
10000000
10000000
10000000
10000000
10000000
10000000
10000000
10000000
10000000
10000000
10000000
10000000
10010000
10000000
10001001
10000000
10000000
10001100
10001110
10000000
10000000
10000000
10000000
10000000
10000000
10000000
10100000
10000000
10011110
10000000
10000000
10000000
10000000
10000000
10000000
10000000
10000000
10000000
10000000
11000010
10000000
10000000
10000000
10000000
10000000
10000000
10000111
10000000
10000000
10000000
10000111
10000000
10000000
10000000
10000000
10000000
10000010
10000000
10000000
10000101
10000000
10000000
10000000
10000000
10000000
10000000
10000000
10000000
10000000
10011110
11000101
10000000
10000000
10000000
10001001
10000000
10000000
10000000
