10000000
10000000
10000000
10000000
10100101
10000000
10000000
10000000
10000000
10000000
10000000
10000000
10000000
10000000
10000000
10000000
10000000
10000000
10000000
10000000
10000000
11001000
10000000
10000000
10000000
10000000
10000000
11001100
11001010
10000010
10000000
10000000
10000000
10000000
10010100
10000000
10000000
10000000
10000000
10000000
10100110
10000000
10000000
10000000
10101001
10111110
10000000
10000000
10000000
10000000
10000000
10000000
10000000
10000000
10000000
10000000
10000000
10000000
10000000
10000000
10000000
10000000
10000000
10000000
11000100
10000000
10000000
10000000
10111010
10000000
10000000
10000000
10000000
10000000
10000000
10000000
10000000
10000000
10011101
10000000
10000000
10000100
10000000
10000000
10000000
10100000
10000000
10000000
10000000
10000000
10000000
10000000
10000000
10000000
10000011
10000000
10000000
10000000
10000000
10000000
10000000
10000000
10000000
10000000
10000000
10000000
10000000
10000000
10000000
10100011
10000000
10000000
10000000
10000000
10000000
10000000
10000000
10000000
10000000
10000111
10000000
10000000
10000000
10000000
10100010
10000000
10000000
10000000
