01001111
10000000
00101011
10000000
01100011
00110010
01001010
11101000
10000000
01111110
00101110
00011111
11011010
11000001
01111100
01001111
10100011
10101001
10000000
11001011
01100000
00100110
01010011
10000011
00111101
01110111
10000000
10000101
00111110
00010010
00101100
11010010
10000010
10010111
10111100
00001001
01110101
11111011
10000000
10001001
10100000
10100011
11001000
10100011
00110100
01111111
11101011
01110111
01010100
01110001
10000000
01010110
01000111
10101111
01011010
01011001
00010101
10101101
10010000
10111101
10000011
01000011
01011010
00100011
10011111
11011000
01100000
00100111
00101010
01011100
01011100
11101011
01101011
01101011
01010011
00111100
11110110
11010011
11111111
10010110
01110101
10000000
01001001
01110011
10101111
10101011
10011001
01010110
11100001
01110011
01010100
11111101
01101111
11011001
00011100
11110001
10000011
10011011
01000110
01111010
01110100
01001010
10011111
11100101
10010100
01111001
01111011
10100001
10101000
11100011
10100101
00111101
00111101
10000000
01011010
01000101
10110010
00101100
10001101
00100010
01110010
00010111
00101001
10111010
10001110
00000100
11100111
11111110
10000001
01011000
01101101
10111001
01010011
10000110
11000011
10101111
01010000
01100101
00110100
00001011
10001111
10000000
10001111
01110101
10000000
11101010
10000000
10001011
10111010
10110001
01111101
01001010
11000001
01101100
01110110
10110110
00111001
00110111
00010111
01101000
10101010
10011001
10001010
11000101
00001010
11110111
01111001
00011001
00000000
01000101
10000111
01100011
11011011
01001000
01111101
10000000
11100010
01011010
10000111
01010111
01100001
10011000
10110010
10011100
11001100
01100110
10010100
01100100
11100100
01100110
01010101
00011000
00110001
00000110
01011110
01001101
10010110
01010111
01110001
10000000
01011000
01110110
00101010
00000001
00100010
10000100
00100011
01010000
00101001
11101011
01000101
00110011
01010111
10010111
01110011
10000000
01110101
01010111
00111100
00011010
01000110
01101110
01010001
01100000
00101110
00110110
11011011
10000111
11111001
01000011
11000111
10000000
01011100
01111100
01110100
01100000
01100001
01101001
10101000
01111111
01011110
10000010
10001110
11101001
10010101
00101011
01011000
01111010
01010101
01101010
10000000
10001111
01100111
11011100
01001110
01011011
