11011010
10000000
10011000
10000000
11001010
11101100
10000110
00110110
10000000
11111111
00000111
11000110
00010111
11011100
11110110
11110111
11101011
00100001
10000000
11110000
11010010
11001010
11000010
11100101
10100101
11101101
10000000
11001001
11110000
10100000
10101010
01010001
00011011
11001000
10000000
10000000
10101100
10010110
10000000
10011101
11010010
10000000
10000000
10111010
10011010
11010111
10011001
11001000
11001010
10101111
11011001
11010000
11000100
00011011
10100010
10000010
10100100
00010000
10000000
10000000
10000000
10100010
11001000
01001110
11110000
11000110
10111110
10011011
10010011
10001111
11000010
11111111
11100100
10110110
10100100
10101010
11100110
10000000
10000111
11010011
10111011
10000000
11111010
11100111
00010011
00100111
00101001
10000000
10000000
10101000
10000000
00001000
01001001
10000000
10000000
10000000
10101001
10011110
10000010
11001100
11100001
10110001
10000000
10001000
11011100
11000011
10100011
00001101
10000000
00001011
00000110
11001011
11011110
10000000
10011100
10110100
00101001
10001000
00010100
10000000
10100101
01101011
10000000
10111110
11010011
01001000
10000000
10000110
10000000
11000011
11100110
11110001
11010001
11001101
10000000
10000000
10100000
11111001
10010010
10111100
10111010
10000000
00001100
11000000
11000001
00110110
10000000
00001100
11100101
00011110
11111001
11010101
10000000
11000001
10101100
00011011
10011100
10111101
10101111
10001001
10000000
11110001
11101011
10100101
10000000
01110110
10010010
10000111
01000010
10100100
00000111
10110100
10000111
11101011
11010011
11001010
10000000
10100011
10000000
10101111
11101000
11110000
00000001
11000010
00110010
11111101
10101011
10010100
01000101
10100111
11001111
10001001
10010000
10000000
11001000
10001100
11101110
10010100
10110000
10000000
11011010
11010101
10011010
11010110
10000000
11110110
10000000
11001001
10100001
01000110
10011111
10000000
10100100
11111111
10100101
10000000
10100111
10101000
11001011
10000000
10011011
10111010
10110101
11000110
10000000
10000000
10000000
10011100
10100001
10001001
10000000
10000000
11110111
11011011
11101111
11000000
11011100
10100110
00000100
10110010
11010101
00001110
11101101
10000000
10000000
10000110
10000000
11011101
10101001
10111011
10000000
11110001
11010001
10001011
11000001
10110100
