10011111
00101111
10111100
10010000
01010101
10111011
11011000
11000101
10111110
00001100
10011111
11011110
10100110
01001001
11111101
01010001
10011011
10011110
00000000
10101111
11000010
00000001
00011011
10111111
00001110
11001101
11101110
01101100
00011010
10101100
11101111
11100011
10010101
00100111
10000010
10111000
00101110
11111010
11110000
00001101
00011000
10100001
11111000
11100000
01101111
01110011
10011011
11100111
11101110
00010101
10011101
00010111
11011110
11010101
00100111
01001010
11011101
11111001
11010011
10100010
01010100
00000001
11000011
10010011
01001011
00100000
10101010
10110000
00111010
11110111
00011100
10000001
01011110
00010000
01011011
01111010
11101001
10000110
00010101
01011010
01010011
11111101
01010010
00001101
01001110
10000111
01001000
00010111
00101001
10111011
10111100
10010110
10110110
10110111
01111110
01011101
11000000
01010000
11110111
00100010
01000110
10110100
10000110
10001101
00000111
10100011
11101000
11001000
00000100
10101001
11110101
10001110
10001101
01000001
01100101
10000101
11000110
00010101
10001001
00111001
01001100
10000101
01011110
00000010
01111100
00011001
00111100
00000101
