00011100
10100001
00111110
11000100
01011101
11001101
00010001
01011101
10000000
01000101
11000101
01110000
10111111
01011011
01111000
10001100
10011010
11001110
10000101
10111101
01110100
00101011
01111110
10000011
00100110
00010100
10000001
01111100
01011010
01010001
00101100
10101000
00100110
10000111
00110111
10101010
00111101
01000100
10010010
10101011
11100110
11000001
10110000
01100001
01110110
01101011
00101110
01010110
00111100
01001001
00110000
01110000
01101000
10100100
01000110
00101011
00010111
10110001
10000000
10000000
10110010
01111110
01000000
01111101
01111100
00011010
01110001
00000110
00111100
01000101
01001011
01110100
10111110
01111000
00110110
01001110
01101111
11111010
00001000
10001000
01101011
10000000
10001000
01111100
10001100
10110010
01110101
11001000
11100100
00100010
00101010
10111001
10000101
11111101
00000001
00000001
01010000
01011101
01001011
00111000
01010001
01000101
00001010
00000000
01100100
00111000
00111101
10001111
11111000
01111010
01010100
01000100
00011001
10000000
01001100
00011000
10111111
01000001
10110011
00011110
00110101
01010100
11111101
10010110
11100100
00110000
01000111
00010010
10001110
10000100
10111101
10000110
00110101
10001010
00011000
01001010
01011101
00010111
00000100
10000110
01011110
10000000
10001000
00111100
01101111
01110010
10000000
10011000
10111101
01101101
01110111
10100001
10000000
00111001
00110011
01001101
00101011
00001010
00111110
01100100
11000110
10100001
10100110
11100001
00111010
11001001
01001101
10100011
01111011
01101010
10011011
01111000
00100101
01101101
01111011
01000110
11011110
00111011
10001011
01000000
01010001
10000110
10110010
00101011
10001101
01001001
01011101
01011001
10101100
01010100
00111001
00110000
00100010
10111000
01000101
00101011
01011111
01101110
01010001
10010101
01010010
00111000
00101000
00111101
11111010
01101011
00000011
01100001
00001101
10001111
01011010
00011100
01110100
10111011
01010011
10000000
00111001
01100000
01100011
11011111
00110010
00110111
00101110
01011110
00000111
00110010
10101000
01001101
00010110
00011101
11111101
10000000
01101101
01110101
11101111
00110000
01011010
01001011
01101011
01110001
10101101
01110010
10001111
11100011
10000000
00010010
00110001
10001100
01000100
01110111
11001011
10001010
01100100
00101101
01001111
01010000
