00010101
10000000
11001001
10000000
00001010
01111111
11101111
11110101
10000000
00110101
11010000
01011000
01101010
00010111
01001000
00000011
00111001
01101111
10000000
01101000
00101100
11011100
00011010
00110010
11101000
11011110
10000000
01001011
00011001
10110010
11100001
01101111
01111011
00101011
10000000
11010000
11110101
10110011
10000000
00011110
01000111
10000000
10000000
00001011
11010011
00011011
11000000
11110011
00001101
11111100
01010000
11111110
00001111
00101000
11010110
11100100
11000010
01100000
10000000
10000000
10000000
11001110
11101010
11001010
01000000
10111101
11110011
10111110
11011101
11011100
11110111
01110100
11010111
00000110
00000110
11100011
01110101
10000000
10000000
01000110
00001111
10000000
00101001
00111111
00101100
01001101
01000011
11000100
10000000
00000100
00000000
10111000
01110001
10000000
10110011
10001011
00011010
00101001
00011110
00101010
00011001
00111110
10100100
10110100
00001100
00000100
11010010
01001100
10011000
01111010
00001110
00100001
00000000
10000000
00010010
11101101
00111000
10001110
01000100
11101000
11101101
10101000
10011110
00010010
00110001
11110100
10111000
11000010
10000000
00101001
11110011
01001010
00000010
00101101
10000000
10000000
00001000
00101100
10111100
00101101
00100101
10000000
00101011
00010100
00010001
01101110
10000000
01001001
00101000
01000000
00101000
00011001
10000000
00001001
00000101
01000100
11010001
00000010
11000100
00011001
10000000
01000010
00100000
10000000
11001111
11011001
11111011
10000000
01110011
11001001
00111011
00101000
10110101
00011011
00010100
11111011
10000000
00101010
10000000
10111011
11111111
01100011
01110001
00011110
01101101
00000101
00011010
11110000
10001100
11001111
00001100
11110001
10010100
10000000
00011110
11101101
11100111
11101001
11001101
10000000
00001010
11111110
11001101
11011101
10000000
00110000
10101101
00010101
10101101
00000001
11010101
11001100
00111100
01010011
00110001
10000000
11101001
00001110
11111010
10011000
11100001
11110010
11111100
00111111
10101111
11010100
10000000
11010011
10001100
11010001
11111101
10000000
00010001
00001110
11110110
00100010
00010010
11001100
00011100
00001001
00100001
01000111
01011100
10000110
10000000
10011011
01001100
00000001
11101010
11110001
10000000
00011010
11101100
11111001
00001001
00001111
