10000000
10000000
10000000
10000000
10000000
11000101
10000000
10011010
10000000
10001010
10101110
10111000
11110010
10100101
10000000
10010001
10011101
11001001
10000000
10010010
10000000
10000000
10000011
10001110
10000000
10011011
10000000
10000000
10000000
10000000
10000000
11001011
10111010
10000000
10000000
10000000
10000000
10000000
10000000
10000000
10001110
10000000
10000000
10000000
10000000
10000000
10000000
10000000
10000000
10000000
10000000
10000000
10000000
10000000
10000000
10000000
10000000
10110001
10000000
10000000
10000000
10000000
10000000
10000000
10010011
00001101
10000000
10000000
10000000
10000000
10000000
10000000
10000000
10000000
10000000
10000000
10011010
10000000
10000000
10000000
10000000
10000000
10000000
10000000
10010111
10010011
10000100
10000000
10000000
10000000
10000000
00010011
00100110
10000000
10000000
10000000
10000000
10000000
10000000
10000000
10000000
10000000
10000000
10000000
10000000
10000000
10000000
10100000
10000000
11000011
10100110
10000000
10000000
10000000
10000000
10000000
11000011
10000000
10000000
10000000
10000000
00000011
10000000
10000000
10000000
10000000
10000000
10000000
10000000
10000000
10000000
10010110
10000000
10010000
10000000
10000000
10000000
10000000
10000000
10000000
10000000
10000000
10000111
10000000
10000000
11010110
10000000
10010101
10000000
10001011
10000000
10000000
10000000
10000000
10000000
10000000
10000000
10000000
10000000
10000000
10000000
10011010
10000000
10000000
10000000
00000000
10000000
10000000
11110010
10000000
10101101
10000000
10000000
10000000
10000000
10000000
10000000
10000000
10000000
10000000
10000000
10100110
10011011
10000000
10110010
10000000
10000000
10000000
11110000
10000000
10000000
10000000
10000000
10000000
10000000
10000000
10000000
10000000
10000000
10000000
10000000
10000000
10000000
10000000
10000000
10100100
10000000
10000000
10000000
00000110
10000000
10000000
10000000
10101011
10000000
10000000
10000000
10000000
10000000
10000000
10000000
10000000
10000000
10000000
10000000
10000000
10000000
10000000
00101110
10000000
10000000
10000000
10000000
10000000
10000001
10000000
10000000
10000000
10001001
10000000
10000000
10100010
10000000
10000000
10000000
10000000
10000000
10000000
10000000
10000000
10000000
10000000
10000000
11001011
10000000
10000000
