11100001
10000000
10100100
10000000
10111001
01111110
10010100
11010000
10000000
00000010
11011000
00011010
01111110
00101011
11101100
11101110
11101110
01011111
10000000
00010011
11011101
10000000
11100001
11110110
10010110
11000101
10000000
11001110
11010010
10000011
10110001
01011000
01000100
11111010
10000000
11000011
11000001
10000000
10000000
11100110
11001011
10000000
10000000
11110011
10000110
11001110
10000000
11001111
10100110
11010111
00000100
11011101
11000111
11110100
10111111
11001101
10011010
00011010
10000000
10000000
10000000
10111110
10101101
11100010
00011111
10000011
11001111
10111101
11001010
11001101
11010101
00011100
11000100
11010100
10011110
10110000
00101110
10000000
10000000
11011110
11001011
10000000
11100110
11011100
00001010
00011011
01001100
11001111
10000000
11010111
10011010
01100111
01001010
10000000
10001011
10000000
11100110
11110110
10111101
11011100
11110000
11011110
10000000
10000000
00000000
10111011
11000100
00001011
10000000
01100011
00001101
11000010
11100010
10000000
11000010
11011011
00011101
10000000
11111001
00000111
11010110
01100110
10000000
11100011
10000000
10001011
10000000
10000000
10000000
11010000
10001100
00010100
11010100
11101100
10000000
10000000
11100010
11111101
10011100
11001010
11111101
10000000
11111111
11101001
00001100
01101010
10000000
11110001
00001100
00010111
11010111
11100101
10000000
11010000
11101101
00011000
10100011
10000001
10011110
11000101
10000000
00010011
11010011
10011011
10000000
01100100
11000010
10010001
01000100
10010110
00100001
11001000
10001110
10111001
00010100
11100001
10000000
10101000
10000000
10101110
11000111
11100011
11110001
00101011
00010110
11001101
11011110
11010100
01011001
11011001
11010000
10100100
10101000
10000000
11010100
11100000
00000110
10001000
11001011
10000000
11000010
11010000
10101011
11111100
10000000
11111001
10010011
11010110
10101101
00110111
10100001
10001101
11011111
11100110
11000000
10000000
11011100
11111101
11000111
10000000
10111110
10111110
10101001
11011000
10000000
10000101
10000000
10110101
10110011
10100101
10000000
10000000
11010110
11110100
11110111
11001100
11110010
11011010
11111010
11010110
11110010
11100101
00000110
10000000
10000000
10000000
10111011
11100110
11001101
10101101
10000000
11011101
10110010
01000110
10111111
11001110
