10000000
10000000
10000000
11011101
00011111
10000000
10000000
10000000
10100111
10000000
10000000
10000000
10000111
10000000
10000000
10000000
10000000
10000000
10000000
10000000
10000000
10000000
10000000
10000000
10000000
10000000
10000000
11000010
11111100
10100110
10000000
10000000
10000000
10000000
10111110
10000000
10000000
10000000
10000000
10000000
10101000
10000000
10000000
10000000
10111010
10000000
10000000
10000000
10000000
10000000
10000000
10000000
10000000
10000000
10000000
10000000
10000000
10000000
10000000
10000000
10000000
10000000
10000000
10000000
11100111
10000000
10000000
10000000
11110001
10000000
10111011
10000000
10000000
10000000
10000000
10000000
10000000
10000000
10000000
10000000
10000000
10001010
10000000
10000000
10000000
10101110
10000000
10000000
10010000
11000111
10000000
10000000
10000000
10000000
10101011
10000000
11001100
10000111
10000000
10000000
10000000
10000000
10000000
10000000
10000000
10000000
10000000
10000000
10000101
10000000
10000000
10000000
10000000
10000000
10000000
10000000
10000000
10000000
10000000
10111011
11100011
10110010
10000000
10000000
10100101
10000000
10000000
10000000
