10011100
10100111
11011011
11101010
00110011
11110011
01000010
10000110
11010001
01001010
00101101
00110010
01010100
01111100
10000001
00011001
11000001
10000110
10000101
00001100
00001111
10101101
11111100
10001011
10111001
11010000
11010100
10111010
10101100
11100101
01000001
01110011
00001010
01101110
00100100
10011010
00110110
11101010
01100011
01011100
10111000
00000011
10110000
10000111
11001111
11010100
10101101
01001111
01111111
01100101
11001001
01000110
00001101
00010100
01010110
11010100
11100010
10111010
11011011
00010101
01001011
10111101
01111001
01000000
11000110
01101010
11010000
00100001
00101010
10101101
10100000
11101010
01011100
00000000
01111001
10010101
00110000
11000010
00001101
00100001
10110100
00111101
01011111
11000011
01000101
01110100
11001111
10101110
00101110
00010001
01000000
01010111
00010111
01000000
01011101
11000011
10000101
01100001
11101101
00000100
10110001
00100110
01111100
01100000
00010101
11101000
11111111
00001110
10001001
00100111
11110100
10001110
10011110
00000001
10100010
01110101
10111101
11100001
00100010
01011110
01111100
11011000
00110011
10000011
11111000
10101000
11100110
11001010
