10000000
10000000
10000000
10000000
10000110
10000000
10000000
10000000
10000100
10000000
10000000
10000000
10000000
10000000
10000000
10000000
10000000
10000000
10000000
10000000
10000000
10000100
10000000
10000000
10000000
10000000
10000000
10000000
10000000
10011000
10000000
10000000
10000000
10000000
10000000
10000000
10000000
10000101
10000000
10000000
10000000
10000000
10000101
10000000
10000000
10000000
10000000
10000000
10000000
10000000
10000000
10000001
10000010
10000000
10000000
10000000
10000000
10000000
10000000
10000001
10000000
10000000
10000000
10001001
10000000
10000000
10000000
10000100
10000000
10000000
10000001
10000000
10000000
10000000
10000000
10000000
10001010
10000000
10000000
10000000
10000000
10000000
10000000
10000000
10000000
10000000
10000000
10000000
10000000
10001000
10000000
10000000
10000000
10000000
10000101
10000000
10000000
10001010
10000000
10000000
10000010
10000000
10000000
10000000
10000001
10000000
10010011
10000000
10001011
10001000
10000000
10000000
10000000
10000000
10000000
10000000
10000000
10000000
10000000
10001111
10010100
10000000
10000000
10000000
10000101
10000000
10000000
10000000
