01100100
11010110
11010011
00001111
10011101
10000100
01010110
11011000
10000010
10111011
00011011
01100111
11001010
01000111
11001000
11000111
10010001
10010110
11110110
00001000
11101111
01011010
11010001
10011001
10000001
00000001
11101110
11110111
10011101
10001001
10001101
11011110
10001110
10110001
01011001
10101000
10000101
01000010
11111001
11011000
01011011
10011000
00100110
10110010
10001110
11011011
01100110
10011100
10000111
10010111
10000101
10110001
01110001
10111010
10001110
00110011
01001010
11011001
00110110
10100001
01010000
01101010
10100111
00001011
11100011
01110110
10110110
00001011
10011100
10001011
10000101
01110000
00011001
10101100
01001101
01110000
10100001
00111010
00011110
11101000
10100100
01011101
11110101
10010110
11111010
10011000
00111010
11001100
01010111
01011111
01101000
11010001
10100000
10110101
01000010
01011101
10100000
10001011
01111011
10010110
10101000
10101010
00110100
00111010
11001000
01001111
01111010
11101110
01011110
11110010
11000110
10101001
10101011
01001001
01110110
01111101
00010100
11001101
11100011
00110001
10000111
01111011
01100110
10110010
11101010
01000100
11011100
01010011
11111111
10101001
00100010
11111010
10101101
11001010
10111101
00000111
10010101
00110001
01001111
01110111
10101111
10000111
11001111
00110110
10101010
11001101
10100101
10110010
11001110
11011110
11010101
11001011
11101111
10000100
10000101
10101000
10000000
01101000
10101000
10011100
00000001
10110110
11001001
01000110
10001010
11011010
01111101
01001111
11110111
10110101
10010101
10001011
11110000
11011101
11011110
11010001
00100101
01110000
00001001
01010011
11000011
11011110
11101001
01011100
00000100
11000111
01011110
10101000
11011100
10101101
01100001
00111110
01100100
00110001
10000011
00001101
10011010
01110011
10010010
11111111
01111001
01111111
10001001
01101001
00101001
11010111
01100101
10101111
01100011
10100110
01000110
01011010
10100111
11001001
10011010
10111101
10011111
10010101
01111111
00101011
10010011
01110011
11000011
10011110
00101010
10001011
10110001
10000011
10000111
10001111
01101001
00101101
10111100
11110101
01100100
10111100
10110110
01101010
11110001
10010011
11010111
01100000
01011011
00100100
10111001
00111011
10011111
11010001
01111110
10010101
11011011
10011110
10001001
11101111
10010010
10001110
