10000000
10000000
10000000
10000000
10000000
10000000
10000000
10000000
10000000
10000000
10000000
10000000
10000000
10000000
10000000
10000000
10000000
10000000
10000000
10000000
10000000
11010010
10000000
10000000
10000000
10000000
10000000
10011011
10011011
11000101
10000000
10000000
10000000
10000000
10110010
10000000
10000000
10000110
10000000
10000000
10000000
10000000
10000000
10000000
10000000
11001100
10000000
10000000
10000000
10000000
10000000
10000000
10000000
10000000
10000000
10000000
10000000
10000000
10000000
10000000
10000000
10000000
10000000
10000000
10000000
10000000
10000000
10100110
10000000
10000000
10000000
10000000
10000000
10000000
10000000
10000000
10010110
10000000
10000000
10000000
10000000
10000101
10000000
10000000
10000000
10000000
10000000
10000000
10000000
10000000
10000000
10000000
10000000
10000000
10001000
10000000
10011001
10000000
10000000
10000000
10000011
10000000
10000000
10000000
10000000
10000000
10000000
10000000
10001001
10100011
10000000
10000000
10000000
10000000
10000000
10000000
10000000
10000000
10111001
00000011
10000111
10000000
10000000
10000000
10000000
10000000
10000000
10000000
