01010011
00110110
00111111
01110101
00000010
00111001
00110001
00010011
11000100
10101001
00011111
01110000
01100001
00101001
00100011
11101000
11001001
10110011
11010101
10101000
01101111
01001010
11011110
11010010
11011010
00001011
10001011
11011100
01000110
01011010
11111001
11011001
11100110
10000111
01100101
01010001
11100011
01001110
10010000
10111010
00110100
11111010
10100101
01101101
11011011
11111111
00000010
11111010
01110010
11000101
10001110
11111010
01011111
00111100
00010010
11110111
00001111
11001010
10111001
01011100
10101011
11001101
01111100
01100000
10010100
11001011
01111110
00110100
10010111
10011000
10100100
11110001
01110010
01001000
11100100
00111101
11101000
01111001
10111110
10111000
01010011
01000111
11010100
01001110
01111110
01000000
01111011
11111111
01111010
01001000
10111111
11011110
01101000
00000110
10100100
10110001
10110101
10011011
10001111
11010101
01100001
11000011
01010110
10100000
00001001
10000011
00111101
01010011
01111110
10011111
11001101
00100101
01000001
11000010
00110010
00111100
00000111
00101101
01001110
01010011
01000000
10001010
10001011
11110001
00000100
01100110
01011010
01110011
