00001000
10000000
11001110
10000000
00101010
00111000
11111110
11110011
10000000
01000011
10010011
10001011
10000000
00110110
01011000
00001110
00110011
01011000
10000000
10011001
01011001
00100100
00011010
01001011
11110100
11101110
10000000
00010100
00011111
11101100
00010111
10101001
00001010
01001101
10000000
10111001
11101111
11111101
10000000
00011100
10000100
11010010
10000000
00010111
00111010
01000000
11101110
00100100
00101100
00100000
01001111
00011100
11100110
10110110
11111110
10000000
00000001
00101011
10000000
10000000
10000000
00100100
11111000
01101011
01110100
00001010
00010001
10111011
00010010
11100100
00001000
00111000
00101100
11111000
11001000
11111100
01100001
10100111
11010001
01011011
00010111
10000000
00110001
00111000
01011111
01011111
00111001
11010001
10110100
11101001
11100010
11001001
01100101
10000000
10110011
10100000
00100010
00011101
11000101
00011101
00101001
00011110
10001000
11010110
00111010
00011110
00001011
01110100
10101110
00101011
01100111
00100010
00000011
10000000
00100101
00010111
01010110
10010100
01001110
10000000
00000101
11101100
11010101
01110011
11011010
01000110
11101000
11011100
10000000
00001110
01110000
01111000
11111000
00010110
10000000
10000000
11110010
00101000
11011111
11101101
00010101
10000000
00110000
00001010
00010010
01100101
10000000
01101010
00111011
01011111
01010010
01000100
11001011
00010000
11111111
01100001
10111011
00011110
11101100
00001110
10000000
01001001
01001110
11101000
11100110
00010110
01001000
10001010
01100101
00100111
10101101
00000111
11001011
01010001
00101010
00010111
10011101
00010001
10000000
11100111
01010010
01011010
01101001
10110010
10011101
01000100
00000001
11101101
10110010
00010011
00010010
11010010
11101101
10001011
00010101
10001111
00101111
11100001
00011010
10000000
00100000
00010001
11101011
10111010
11000011
01001010
11101110
00101110
00010010
10001110
11110100
00111010
11111100
01100101
00110000
10000000
11001001
00101011
00100011
10001110
11100011
00001011
00001110
00110001
10011011
10111101
10001011
11100001
10111110
11110110
11000110
10000000
00101010
01100101
00001101
00101010
00011101
00100011
01001101
00011011
00011001
01100010
01010010
10000000
10000000
11001111
11110110
00111101
11110110
00111010
10000000
00010001
00100110
11011100
00100000
11111000
