01001000
10111000
01011001
11010111
01101111
11100100
00110001
01110010
10000000
10000100
11010000
10000011
11000000
11011110
01101000
10101010
10000111
11111010
10110110
10101110
10011001
01001010
10000011
10000010
01011000
01010100
10000000
01101111
10001010
00111100
00111011
11000011
10101111
01111000
11010111
00011000
01011100
00111011
10110010
01010101
01110110
11001001
10000000
01111100
00110011
01011111
00011101
01001101
01001011
01011001
10011011
10000010
10010011
11100100
01000010
01110011
10001000
11000011
11001101
11110100
11101011
01101011
01110110
10010101
11000000
11011000
10010011
10101101
01010000
01000101
01101100
10101111
00100010
10010011
01110010
01100011
10100001
11011111
00100111
10100101
10100100
11010001
10010101
10000000
10111100
10101000
10100011
00111010
00011001
10001110
00011011
11001001
10100011
11011101
00111101
11110010
01001010
01100100
00111011
01110001
01000001
01100101
11111000
11101110
10000001
01011100
00101111
10110110
00100110
10110101
01110000
10001010
10100001
10000000
01001010
01000001
10001111
11100111
10101100
01001111
01100111
10001001
11111101
01010011
11001010
01001011
00000010
00001001
10011010
10100110
10010000
11000001
01010110
10000011
11001111
00100111
01011001
01010110
00101010
11110000
01101110
10000000
11000101
01011101
01110101
11011111
10000011
11000001
10100111
11010110
10010101
10011101
00000101
01010011
01111010
10001110
00101000
10011001
01011010
01011000
10000000
10101010
10011110
11101001
00011100
00001100
01111001
00001100
10011001
00111110
10010100
10000010
00000010
01111010
10101110
10010001
00101010
01110000
10000000
00000101
10000110
10011111
10011000
11110010
11011101
10011001
10011001
01100011
10010111
01010001
01011010
01101010
01000001
10101101
01101001
00110000
10010000
00110101
01110001
10100010
10101111
01100010
01100101
11010010
11100101
01111010
00000100
01001110
00010011
10000101
00111111
11111000
01100011
10000110
10010101
10000000
01001111
10010110
10000001
11010101
00110101
01101101
01010110
10100010
11110011
00010110
11001001
00100011
10001001
01011100
00110101
10000000
10001001
01111111
01110011
01111010
10000110
01010100
01101111
01111001
01101011
10001110
01101100
01001010
10010010
00001011
01001001
01011101
01011100
01011110
11000101
10000001
01100101
10101100
00011001
01001010
