10000000
10000000
10000000
10000011
10000000
10000000
10000000
10000000
10000000
10000000
10000000
10000000
10000000
10000000
10000000
10000000
10000000
10000000
10000000
10000000
10000000
10011110
10000000
10000000
10000000
10000000
10000000
10110110
10001111
10000000
10000000
10000000
10000000
10000000
10000000
10000000
10000101
10101111
10000000
10000000
10011110
10000000
10000000
10000000
10000000
10000000
10000000
10000000
10000000
10000000
10000000
10000000
10000000
10000000
10000000
10000000
10000000
10000000
10000000
10000000
10000000
10000000
10010000
10000000
10000000
10000000
10000000
10100100
10110110
10000000
10001000
10000000
10000000
10000000
10000000
10000000
10110101
10000000
10000000
10000000
10000000
10000000
10000000
10000000
10000000
10000000
10000000
10000000
10000000
10000000
10000000
10000000
10000000
10000000
10010111
10000000
10010001
10000000
10000000
10000000
10000101
10000000
10000000
10000000
10000000
10000000
10000000
10000000
10000000
10001010
10000000
10000000
10000000
10000000
10000000
10000000
10000000
10000000
11000010
10111011
10000000
10000000
10000000
10000000
10000000
10000000
10000000
10000000
