10000000
10000000
10000000
10000010
10000000
10000000
10000000
10000000
10000000
10000000
10000000
10000000
10000000
10000000
10000000
10000000
10000000
10000000
10000000
10000000
10000000
10000000
10000000
10000000
10000000
10000000
10000000
10000000
10010011
10000101
10000000
10000000
10000000
10000000
10000000
10000000
10000000
10000000
10000000
10000000
10011010
10000000
10000000
10000000
10000000
10001110
10000000
10000000
10000000
10000000
10000000
10000000
10000000
10000000
11001011
10000000
10000000
10000000
10000000
10000000
10000000
10000000
10000000
10000000
10000000
10000000
10000000
10000001
10011110
10000000
10010101
10000000
10000000
10000000
10000000
10000000
10000000
10000000
10001111
10000000
10000000
10001101
10000000
10000000
10000000
10000000
10000000
10000000
10000000
10101101
10000000
10000000
10000000
10000000
10000000
10000000
10000000
10000000
10000000
10000000
10000000
10000000
10000000
10000000
10000000
10000000
10000011
10000000
10000000
10100101
10000000
10000000
10000000
10000000
10000000
10000000
10000000
10000000
10000000
10000000
10000000
10011011
10011100
10000000
10000000
10000000
10000000
10000000
