10110101
10000000
10000000
10000000
11001010
01001000
10010010
11100010
10000000
11110100
00111011
00011110
01110011
00001110
11100110
11110011
11000110
00111000
10000000
11010110
10111101
10000000
11000110
11101010
10111101
11110111
10000000
11100010
11001011
10001001
10011000
00101011
01000011
11010111
10000000
10000000
10110101
10000000
10000000
10111000
11000100
10000000
10000000
11001111
10000000
10111101
10000000
10111101
10100110
10110101
11100111
10101011
10111101
10000000
10101011
10101000
10010000
00010110
10000000
10000000
10000000
10010110
10110111
10100111
00000100
01111010
11000011
10000000
10110011
11000000
10100001
10001111
10010001
10111001
11000101
10001010
00010001
10000000
10000000
11001101
11100010
10000000
11101010
11011001
00000000
00001111
11110010
10000000
10000000
11000110
10000000
10011010
10011111
10000000
10000000
10000000
10111010
11010011
10000000
10111101
11000001
10111110
10000000
10000000
11111011
10111110
10010100
11111011
10000000
01010110
00001011
10100011
10110101
10000000
10011111
10101011
00001000
10000000
11101101
10100111
11001111
01010101
10000000
10011001
10000000
10100100
10000000
10000000
10000000
11010100
11010010
00001001
11011111
11110110
10000000
10000000
10110001
10110101
10000000
11010010
11010010
10000000
00010000
11000111
11100100
01010111
10000000
11111011
11100110
00000000
11101100
11001110
10000000
10100101
10110110
11101100
10001011
10101000
10001100
10101011
10000000
00000010
11000010
10000000
10001010
00110011
11000101
10110011
10011111
10000000
00000101
10101110
10000000
10110110
11100001
11010111
10000000
10100111
10000000
10101110
10101100
00001010
11101111
11111011
00011000
11001000
11101000
10101010
01001010
10011110
11001001
10011010
10100010
10000000
11000111
10011111
11001000
10100111
10101110
10000000
10100101
11000100
10100001
11010110
10000000
11100101
10001000
10110111
10000100
01110010
10001001
10001001
11110011
00010100
10110100
10000000
10101001
11000000
10111010
10000000
11000001
11000011
10010011
11011100
10000000
10000000
10000000
10010101
10100100
10010100
10000001
10000000
11101011
11100101
11100000
10110010
11010011
10111001
11101110
11000100
11101110
11100100
11110011
10000000
10000000
10000000
10000000
10110100
10111010
10101110
10000000
10111011
10100011
00101111
10100110
10010010
