10000000
10000000
10000000
10000011
10010110
10000000
10000000
10000000
10000000
10000000
10000000
10000000
10000000
10000000
10000000
10000000
10000000
10000000
10000000
10000000
10001001
10011011
10010001
10000000
10000000
10000000
10000000
10111111
10101100
10000110
10000000
10000000
10000000
10001001
10000000
10000000
10000000
10000000
10000000
10000000
10100011
10000000
10000000
10000000
10011111
10100001
10000000
10000000
10000000
10000000
10000000
10000000
10000000
10000000
10000000
10000000
10000000
10000000
10010111
10000000
10000000
10000000
10000000
10000000
10010101
10000000
10000000
10000000
10011010
10000000
10000000
10000000
10000111
10000000
10000000
10010110
10000000
10000000
10110001
10000000
10000000
10000000
10000000
10000000
10000000
10011001
10000000
10000000
10000000
10000001
10000000
10000000
10001101
10000000
10000000
10000000
10000000
10000000
10000000
10000000
10000000
10000000
10000000
10000000
10000000
10000000
10000000
10000000
10000110
10000011
10000000
10000000
10000000
10000000
10000000
10000000
10000000
10000000
10000000
10010010
10000000
10000000
10000000
10000000
10101110
10000000
10000000
10000000
