11111111
10001000
10110010
01000010
10011011
10000011
00001000
00011110
11011111
11000111
00101010
11001110
00101110
00000011
10110011
11011010
00010101
11111011
10001010
00101001
00101011
01100011
10011111
10100000
01101101
11101110
01000111
00001101
01001000
11110011
10100010
11101101
10100100
10111101
00001011
01011001
11011000
10100111
11010110
00000010
11110000
11010111
00001011
10001111
11010100
00100011
10011011
00111111
11110100
00001110
10011000
01011011
11111011
11110010
10100010
01011000
01101111
00111011
11100011
11110100
01110110
00110101
11101011
11111111
00010111
01110001
10101010
00110101
10111000
10101111
10000101
01101110
01001011
01111010
00000001
10110110
11110111
11100010
11101101
10111111
10111011
11000001
10110000
00000101
01100100
00011010
01100010
01011111
11111001
00000001
10110010
10011110
10011011
01100010
01001100
01000000
00001011
00001000
01000001
11101110
11000001
00100010
10011001
10011111
10100001
00000100
11101010
11000101
01110011
10011110
00001000
10011111
00001110
11111010
11011001
10110111
10011111
10001110
00101011
11111110
11011001
11000101
01000000
00000111
00111011
01001010
10110000
10010100
