10000000
10000000
10000000
10000000
10000000
10000000
10000000
10000000
10000000
10000000
10000000
10000000
10000000
10000000
10000000
10000000
10000000
10000000
10000000
10000000
10000000
10000000
10000000
10000000
10000000
10000000
10000000
10101110
10000000
10000000
10000000
10000000
10000000
10000000
11100010
10000000
10000000
10111100
10000000
10000000
10000000
10000000
10000000
10000000
10101100
10000000
10000000
10000000
10000000
10000000
10000000
10001111
10000000
10000000
10000101
10000000
10000000
10000000
10000000
10000000
10000000
10000000
10000000
10000000
10101000
10000000
10000000
10000000
11000111
10000000
11000111
10000000
10000000
00100000
10000000
10000000
10000000
10000000
10000000
10000000
10000000
10010101
10000000
10000000
10000000
11110101
10000000
10000000
10000000
10000000
10000000
10010100
10000000
10000000
10000000
10000000
10000000
10000000
10000000
10000000
10000000
10000000
10000000
10000000
10000000
10000000
10000000
10000000
10000000
10000000
10000000
10000000
10000000
10000000
10000000
10000000
10000000
10000000
10000000
10000000
10000000
10000000
10000000
10000000
10000000
10000000
10000000
10000000
