00100010
10000110
11001001
10000000
01011010
01010001
11100101
10001010
10000000
01001110
00011111
11111101
10100010
00111010
00111001
01001101
01001101
00011101
10000000
01111101
01010001
11011011
01101010
01000101
11101011
01111001
10000000
00110010
00101010
00101101
00001011
01111010
00100111
01001100
10010110
00011000
00001101
01100101
10000000
00111111
00110110
10011010
11011001
00010110
00001100
01010100
10000000
00001110
00010011
11111110
01101011
01001100
00011000
01100111
01000101
11100100
11110101
01011001
10010010
10000000
10000000
00100100
00001001
11101000
00111111
00111000
00111100
10110010
11010111
00000000
00010011
01111011
11111110
00101101
00100000
00001010
00111010
11001010
11011001
01100110
00000110
10000000
01011101
01011011
01101001
01001011
11010110
11111010
00111010
00001111
11101001
11010000
00110011
10000000
11111000
10011011
00100111
00001011
11110111
00111100
00001101
00011101
10101000
00001011
01100100
00101000
00101111
01111001
10010111
01110111
01010111
00111111
10011000
10000000
00010100
00000001
10111000
11010101
01101010
00000011
01000110
11111100
11001000
00000100
10100110
01101010
11100110
11100000
10000000
00010001
01011010
01011010
01001101
01010100
10000101
10010110
00001111
00111001
10101111
11100010
00011100
10000000
01000111
00101101
01000001
10100111
10000000
01111100
01001010
10000010
01011000
01100100
10011001
00000101
00100000
01101000
00010011
11111111
00000100
00110000
10000000
00101111
01001001
00001010
11011110
10100101
00100110
11011111
11000100
00000010
01010101
00100101
10101100
01010001
00111010
00110111
10101110
00100011
10000000
00110110
01101110
01010001
01101001
01000011
01001000
01010101
00100111
00000110
11000110
00001011
00010110
00001111
11101111
10101100
00100100
11011011
00111111
00011000
00110111
10000000
01001010
00101100
00001010
11001001
10110100
01001000
11010111
00010011
11110100
01111001
11111110
11111110
00101110
10010010
00011111
10000000
11011100
00011010
00100110
11010111
11010100
00100011
00011111
01001100
10010011
11010111
11001001
00010001
10100100
11111010
10000000
10000000
00110101
01101111
00101001
01011011
01010101
01001110
00111000
00010111
00011101
10001110
01001111
11011100
10000000
00000001
10111110
01000011
00001001
01001001
10000000
01101101
00100011
00000000
01000001
00000000
