00101100
00110110
11111111
00001000
01010100
11011111
01000001
11000000
01101010
01011110
11101101
11010110
11000011
11000000
11001111
00110000
00011101
01000110
11101111
10110111
10100000
00110011
00000010
10101010
10011111
10001010
00101110
01111011
01101010
00101011
11011001
10110011
10001011
11011110
11000011
01111111
00101110
10010100
11011110
11011110
10110111
00100111
11000001
10101110
00011011
01110010
11000101
10010111
11011101
11001101
10111100
10110011
00101111
10101110
00010100
10100011
10100110
00011101
11010011
00011011
00110100
11010110
01110100
00000110
10001000
01010110
10010100
00011000
11010011
11100000
00000111
11011110
00000000
00111001
01010010
00100100
00011100
10010001
00100000
11100001
11111101
11101010
00111111
00011011
10101010
10010101
10111101
01011111
10001000
11001011
11101101
00101000
11000011
01100001
01001000
00010000
00111101
01000100
00010000
00010110
11010111
00100101
10101100
00100001
01101111
00011110
01000000
11000110
11011110
00011000
11001000
00110000
10010110
00110011
00111001
10110011
10100011
00100011
10110111
01100010
01011110
10100001
10011100
01100001
00010111
00001000
11000011
11101001
11110011
00111101
10110111
11000011
10011000
00110000
10111100
10000010
01000010
00010100
10110010
10110100
10101000
10110010
00100001
01110110
01101110
00100011
10100101
10001100
10010011
11111100
10110100
11010000
01000001
11101100
10100010
10111000
10011101
00001001
11000000
01110111
01000010
00100100
00011111
01010001
00100000
10000110
11101011
10000011
00001111
10100010
01011000
01010100
00010100
00010011
10000111
11110000
10010011
00010001
11100001
10100011
11001011
10111101
10111010
10101000
00001111
10110101
10110000
01101111
00100111
01111010
11001100
10001001
00001001
11110111
01001101
11101010
01010011
00100111
01010110
11000001
00000100
00110010
10101100
10010101
01011010
01000000
10010110
01001000
11001100
01100011
10000011
11000111
01010011
10010011
00010101
00100011
11001010
01111101
01100010
00010101
01111111
01011110
00010001
10101001
11011110
00001110
00100101
11001100
10000100
01101111
01001110
10000000
01101011
10110100
10001001
10111000
11010011
00111111
11101001
11111101
10011100
11110001
01100110
01100011
00100101
00011100
10010111
00010100
10111010
01111101
01101000
00111100
10001111
00100100
11111011
11010101
