10011010
01111000
00000100
01111001
01101010
10011010
11001100
10010000
10111111
00111100
01100000
11011010
10011100
10111000
01100000
10101001
11100000
00010110
00010000
10001010
00111110
11000111
01100001
10011010
10101110
00010100
11110101
10111011
01111000
01101101
01010010
11101101
10101000
00011110
00101111
00000011
11111111
01000111
10101011
00010000
01100010
00111100
10001101
00100001
01111110
01011100
01100000
10101010
01011110
11110000
01011010
11000111
00011010
10010000
11110011
11111011
10001110
10110011
11001001
11000011
00100110
01100010
10011111
01111100
00111110
11110011
00111010
11001011
11010011
11010110
00001110
10101101
00111101
00101100
01001010
11001011
00000110
01101001
11011111
00000101
11110011
11111100
10010000
10011101
01010000
10101111
00110000
10100100
11101100
01000101
01011111
10101000
10001010
11100110
11000001
01010000
11010011
01000100
11100101
01101101
11000110
11001001
01100101
01101001
10111110
01110100
00100101
00001101
10010011
00000011
00001011
01110110
10011101
01100101
10011010
10110010
11001000
00101111
11111111
11101101
01111001
10111011
00000100
00000111
01011001
11100011
11010101
00011111
