10110010
11001100
11010001
00010011
00010010
11011011
01100001
00100111
01011110
10011111
11011000
10010000
00000111
00110011
10110111
00000001
00010000
10000100
01110100
11100111
10111011
11001101
00110001
01110000
11010111
01000111
10111100
10110111
11000100
00111010
01001100
10010000
01011101
01101011
01011100
00111110
11001010
10110111
10001111
10011111
10100010
00010111
10010000
00100111
01001100
01001101
10001010
11011001
01111110
00100001
11011111
01001001
11111100
11011110
11000001
01110100
00110111
00110011
11000001
10101010
00001000
11101110
00110000
10000110
00100011
01010100
10011000
00111110
01000100
11010100
01000100
00110110
11101010
10001010
01011001
10010001
10001111
11111111
00100000
01000010
00111100
11011111
11110101
00011100
11010010
00111011
00110011
10000001
10000001
00111111
10000100
11110011
00110001
01011000
10111111
10100000
10011011
00111001
01100010
11101100
00110001
01010101
10011110
11000101
01000001
10111110
10001110
11011100
10001110
00000101
00011010
00100110
00000001
11110010
00000100
00101010
10101101
11111111
11000011
01010111
10100000
10101001
11000010
01011101
11001001
10101011
00001001
10001111
