11011010
10000000
11000101
10000000
11101101
01100110
10111001
11101100
10000000
00110100
10101100
01001110
10010010
01000011
00011111
00011010
00001101
01111010
10000000
00011000
00001000
10001110
11100001
00001101
11010110
11100100
10000000
00000111
11110100
10101111
11010000
01111100
01011111
00001110
10000000
10010000
11100100
10010010
10000000
11100010
11100100
10000000
10000000
00000110
11000001
11100011
10000000
11011010
11001111
11000111
00001111
11010110
11101111
10000000
11010110
10111010
11001101
01010001
10000000
10000000
10000000
10110110
10111001
11110111
01001010
10110111
11101101
10010100
11000001
11100110
11000011
10101010
11100011
11100101
11011011
10111001
00111001
10000000
10000000
00000010
00001010
10000000
00011010
11111110
00000000
00111110
00011100
10001000
10000000
11011110
10100000
10100001
11110001
10000000
10010110
10000000
11011111
11011111
10100101
11110101
11010001
11110111
10000000
10000000
00011011
11011011
10110101
00111011
10000000
01010010
00110100
11011101
00100101
10000000
11010111
11001000
00000110
10000000
00100011
10111101
11110110
10001010
10000000
10110111
10000000
11100111
10000000
10000000
10000000
00100000
11111100
00011101
11111110
00010110
10000000
10000000
11100011
11010110
10001100
11010110
00000000
10000000
00111101
11010110
11101110
10100000
10000000
00011000
00100011
00011110
00010100
11110100
10010010
11101010
11100100
00001000
10111111
10111110
10101111
10101100
10000000
01000100
00000001
10001010
11000010
01100011
00000100
11001100
01111101
10110110
00010001
11010010
10000000
11110100
00100100
00010110
10000000
11011010
10000000
11001001
11110011
00110010
00101000
11101000
01001100
11111000
00011100
11011000
01111100
11000000
11011110
10110110
11011011
10000000
11100100
10011010
11111010
10111010
11101111
10000000
11100000
11100101
11010000
11011110
10000000
00101011
11000011
11011011
11000100
11001010
10101000
10101000
11100111
00110010
11100110
10000000
11011001
11100000
11111110
10000000
11001010
11110101
11000010
11110010
10000000
10101110
10000000
11000010
10110010
11001001
10001110
10000000
00011001
00000001
00010011
11011111
11101001
11001100
00010000
11101110
00000110
00010101
00010100
10000000
10000000
10000000
10000000
11000001
11101111
11101100
10000000
11110110
11100001
01011000
11011011
11001101
