10000000
10000000
10000000
10000000
10000110
10000000
10001110
10000000
10000000
10000000
10000000
10000000
10000000
10000000
10000000
10000000
10000000
10000000
10000000
10000000
10001110
10000000
10000000
10000000
10000000
10000000
10000000
10110010
10010110
10000000
10000000
10000000
10000000
10010111
10000000
10000000
10000000
10001001
10000000
10000000
10010110
10000000
10000000
10000000
10000101
10001001
10000000
10000000
10000000
10000000
10000000
10000000
10000000
10000000
10000000
10000000
10000000
10000000
10000110
10000000
10000000
10000000
10000010
10000000
10000000
10000000
10000000
10010011
10001110
10000000
10000000
10000000
10000000
10000000
10000000
10011111
10010001
10000000
10000000
10000000
10011000
10000000
10000000
10000000
10000000
10000000
10000101
10000000
10000000
10000000
10000000
10000000
10100010
10000000
10000101
10000000
10000000
10000000
10000000
10000000
10001011
10000000
10000000
10000000
10000000
10000010
10000000
10000000
10000000
10100011
10010111
10000000
10000000
10000000
10000000
10000000
10000000
10000000
10000100
10000000
10000000
10000000
10000000
10000000
10011110
10000000
10000000
10000010
