10000000
10000000
10000000
10000000
10001001
10000000
10000000
10000000
10000000
10000000
10000000
10000000
10000000
10000000
10000000
10000000
10000000
10001110
10000000
10000000
10000000
10000000
10000000
10000000
10000101
10000111
10000000
10001011
10001111
10000000
10000000
10000000
10000000
10000000
10000000
10000000
10001000
10000100
10000000
10000000
10000000
10000000
10000000
10000000
10000101
10000000
10000000
10000000
10000000
10000000
10000000
10000110
10000000
10000000
10000000
10000000
10001001
10000000
10000000
10000010
10000111
10000000
10001100
10000000
10000000
10000000
10000011
10000010
10000000
10000000
10000000
10000000
10000000
10000111
10000000
10000000
10000000
10000000
10000000
10000000
10000000
10001101
10000000
10000000
10000000
10011100
10000011
10000000
10000110
10000000
10000000
10011000
10000000
10001000
10000000
10000000
10000000
10000000
10000000
10000000
10001011
10000000
10000001
10000000
10000000
10000000
10010011
10000101
10000000
10000010
10000000
10000000
10000000
10000000
10000000
10000000
10000000
10000011
10001111
10000000
10000000
10000000
10001100
10000000
10000000
10000000
10000000
10000000
