10000101
10000000
10000000
10000000
10010110
11111010
10000000
11000100
10000000
10111000
00110011
11110101
11111101
11001110
10101001
11001001
10100101
11110110
10000000
11001100
10101000
10000000
10000000
11010000
10000000
10000000
10000000
10001100
10000000
10000000
10000000
11011100
11100000
10010010
10000000
10000000
10000000
10000000
10000000
10000000
10011110
10000000
10000000
10000000
10000000
10000001
10000000
10000000
10000000
10000000
10101110
10001010
10000000
10000000
10000000
10000000
10000000
11101101
10000000
10000000
10000000
10000000
10000000
10100010
10111001
01001001
10000000
10000000
10000000
10000000
10000000
10001010
10010111
10000000
10001100
10000000
11000111
10000000
10000000
10100010
10011100
10000000
10110101
10000111
11000101
11010000
11000110
10000000
10000000
10000110
10000000
00011101
01101011
10000000
10000000
10000000
10000000
10000000
10000000
10001001
10000000
10000000
10000000
10000000
11000000
10000000
10000000
11011011
10000000
11100011
11001110
10000000
10100011
10000000
10000000
10000000
11001111
10000000
10111011
10000000
10010000
00011101
10000000
10001001
10000000
00110101
10000000
10000000
10000000
10011101
10011011
11000111
10000000
10111001
10000000
10000000
10010100
10000000
10000000
10000000
10000000
10000000
10101010
10010000
10001100
11101010
10000000
11000111
10101000
10110000
10100011
10100100
10000000
10000010
10000000
10110010
10000000
10001011
10000000
10000000
10000000
10111010
10011010
10000000
10000000
00000111
10000000
10000000
11100111
10000000
10100000
10000000
10000000
10010011
10101011
10100010
10000000
10000000
10000000
10000000
10000001
10101110
11001100
10111100
00000101
10011010
10001011
10000000
11110011
10000000
10000000
10000000
10000000
10000000
10100001
10000000
10000001
10000000
10000000
10000000
10000000
10000000
10000000
10001010
10000000
10101011
10000000
10000000
10000000
01010101
10000000
10000000
10000000
10111111
10000000
10000000
10000000
10000000
10000000
10000000
10000000
10010000
10000000
10010101
10000000
10000000
10000000
10000000
00110001
10000000
10000000
10000000
10100100
10010011
10011100
10000000
10000010
10000000
10011011
10001011
10000110
11000010
10010100
10000000
10000000
10000000
10000000
10000000
10000000
10000000
10000000
10010011
10000000
11001001
10000000
10000000
