10110101
00101001
00000001
01010001
01010111
10011100
01000010
01100101
11011000
00010101
01100010
01011101
11001010
10101100
10010100
00111101
00101001
00000001
11001001
11111011
00101101
00101000
00101100
00111110
11100001
00110000
11110100
01100100
00111010
11101100
11010110
10111110
00100000
00110101
01000111
11011001
11110011
01000110
10000111
01010001
10110100
11000111
00011010
00111000
01011111
01010010
01000110
00101001
11101011
10011110
11011101
01010010
00110000
11010110
01111100
11001110
10110101
11100110
11000011
10101101
11000101
10000001
10101111
00011100
11001101
01110010
00111111
00010101
10001001
01100010
01101010
00111010
01101011
10001111
11011110
00111100
01001011
11011101
00111001
11000001
01011011
10010110
11001001
11001101
00000110
11110000
10101010
01001100
10100110
11001101
10100000
10100110
01100100
10001011
11011110
10011000
01011010
10101100
10010010
01000010
10000110
01100011
01101111
01110011
01111110
00001011
10111100
01001011
00111111
01011001
00010000
00001101
00000101
11010001
00010011
00111100
11111101
00011011
10110110
01010111
10110011
00100010
01111011
01011010
00000111
10010010
11001010
11000000
