10011100
01001111
01001111
01111000
01101101
11110111
00001101
00001111
11110111
10110011
00100111
10101110
00001000
01101100
01101100
10110111
01000000
01111010
01101110
01101000
01010001
10100101
11111010
00110000
10100100
01000100
11000110
00100011
10101000
11101011
01101111
11010100
10000101
01101100
10010010
11000011
00100111
11110101
10110001
10100000
11110101
11111010
00101100
00111001
01101111
00010001
10010001
11111001
10100010
01101010
00101100
11000101
11001010
01001000
11110010
10011000
11100111
11100010
10110111
01001000
00111011
01011110
11001010
00100011
10011000
11111011
01001000
11010100
10011110
11100000
00100010
11111100
11100111
00011100
10110110
10110010
01010100
10100100
01110101
11110001
00010100
01001101
00100110
11110010
10000001
11000110
10110001
01011101
11101001
10010101
01111000
01000000
11110111
11010000
11111101
10010110
01100110
01001111
01000001
01000011
00000011
11011011
00001100
01001110
01000000
01101010
01010011
10001001
01101000
01001101
10011111
11111001
11001100
11000000
10110010
00110100
11101110
11100010
00101000
11001110
11001101
00010110
01101011
10011010
10101100
00011001
10001110
00000100
