11100110
10000000
10000010
10000000
11011001
11001000
10000000
00001110
10000000
11100110
11001111
01010101
01011010
00001000
11010011
11100000
11001100
10111111
10000000
00110000
11010010
10000011
11001001
10111001
10100001
11100101
10000000
10110001
11000001
10001000
10110100
11011101
11100100
11011100
10000000
10000000
10101000
11001000
10000000
10100110
11111110
10000000
10000111
10100111
10011110
11111010
10000000
10010010
10011011
10011111
11110111
10101111
10101001
00011110
10111001
10000000
10011111
11111001
10000000
10000000
10000000
11000000
10011011
11101110
00001000
11001010
11000101
10000000
10010110
10000000
10100010
11101000
00111011
10101000
10010000
10010110
00000001
10000000
10000000
11101100
10101101
10000000
11100000
11101101
11111000
11111101
11001001
10000000
10011101
10010101
10000100
00111101
11101001
10000000
10010011
10000000
11000011
10101101
10010111
11101010
11000100
10110110
10000000
10000000
11100101
10011011
10101111
00010011
10000000
00110000
11110001
11010000
10000001
10000000
10100110
10100011
01111011
10000000
11101000
10011100
10110111
10000000
10000000
11101011
00101011
00101110
10000000
10000000
10000000
10111010
00000110
00100001
10110110
11010110
10000000
10000000
10111111
10111011
10000000
10001100
10011011
10000000
11011000
10110001
11100000
00011100
10000000
11111011
11010011
00001101
11101101
11011010
10000000
11000001
10111010
00000100
10010110
11000100
10000000
10111100
10000000
11111001
11111010
10011100
10001011
01110100
10110010
10000000
00010000
10001100
00001101
10000011
10000000
11000111
11000101
10101001
10000000
10011110
10000000
11100111
11100001
11100100
11111111
10111011
00110110
11011110
10001011
10010100
01011001
10011110
10101010
10000000
10010000
10000000
11100010
10000000
10111110
10101100
11001010
10000000
11101111
11001010
10010111
11000001
10000000
11011111
10000000
11010100
10011100
00101010
10001010
10000000
11000110
11101110
11000000
10000000
10000111
10110110
10011001
10000000
10001110
10110100
10110010
11001001
10000000
10011011
10000000
10110100
01111010
10000010
10000000
10000000
11100100
11111010
11000001
11000001
11011010
11001100
11001010
10111101
11000110
00010000
11010010
10000000
10000000
10001011
10000000
10111001
10101010
11000100
10000000
11011101
10001011
10110011
11000010
10011010
