10101101
10010100
01110101
11011000
01110011
01010111
01100011
10010100
10000000
10111101
01110011
11001010
00001011
11001101
11011101
10100101
10010000
10011110
10111111
11110001
10101111
01110001
10010000
10101110
01101100
00010010
10011010
11011110
10000110
10001000
10011111
11101010
11101111
10110010
01000001
00101010
01011100
10001100
10011100
01101001
00011011
00001001
10011001
11000001
01101110
10111010
00100110
10110010
10000100
01111101
10010010
01111000
01010100
10000111
01100000
11011111
10010010
10111101
11111000
11001001
11100011
01011010
01100110
11000110
11111010
01011010
01100101
00010110
10010010
10100011
01101011
11011000
11001110
01101111
01001110
01110101
11000011
00110010
00011010
10110001
10100110
11101100
11010001
10100011
11010100
10110010
11111110
11100001
00011010
00111111
01011111
10010011
11101010
11100111
01100110
00101100
10100001
10000000
01101001
10100010
10101000
10100011
11111110
00001010
10111011
01111001
01001100
11110101
00001001
11011101
11000110
01011111
00101111
10000000
01100000
01010010
10111000
00110110
11110000
01100111
01100101
00000101
00101010
10010010
10100110
11000010
01001001
01001111
10101110
10110111
00111101
11100110
10100100
10101010
11101101
00001011
10011011
10011000
00110110
01011110
10010001
10000000
10110111
01111100
01111111
00011001
10000000
10101010
10100101
00101111
10100100
11000011
00011100
01101010
01100000
11001001
01001110
11001111
01011111
10100110
10111001
10110100
11000010
01100100
01110000
00100011
10010001
01110100
00100000
01110011
11101101
01100010
00100111
10111001
11000110
10100011
11100010
01101011
10000111
01010101
10010110
10110011
11011111
00101100
10110110
10000011
01101000
01110100
00110010
10100000
10010111
00011111
00111101
11110110
10001011
11100101
10110010
01001001
10001011
11011101
01100011
10100010
01010100
01000101
01001001
11100000
01100111
10100101
01101110
01101010
10001010
10101010
10101100
11110001
10011110
10000000
10001000
01110000
01110001
00000111
01100000
01100101
10111110
01111001
11011001
01001000
10110011
01010011
01110011
01010001
01110010
10000000
10101100
10110010
01111101
10000100
10001101
01100001
11001010
10010111
11000101
10001110
10101010
11011111
10100010
01100110
11011000
10010010
01011100
01100111
10001110
10010000
10000110
00011001
10000101
01111000
