01010001
01110101
10110010
10000100
10001100
00010111
10001100
01101110
10111101
00101111
11001111
10011001
11101010
01100111
10101111
01010000
11100101
11011011
00000001
01000110
00101001
00001101
10011111
11111100
10100001
10011000
11111001
00000010
00001111
00000111
01000101
11000001
00110111
11101001
11101010
00100111
11100011
01101001
00110110
11001011
01000110
11000011
01011010
11101100
11000000
11001011
10101101
00110011
00101011
00010011
10100010
10000011
01100101
10010110
00000110
01010000
10010000
10011011
01011010
10110011
01000010
00000101
01000011
01010000
01110010
01110110
00011111
10001100
01000101
10010000
01111010
01000110
10001101
11001010
10001001
01000001
10001001
10001000
10011100
10111000
01101101
11100000
01101100
11001110
10110110
10001011
01000110
00101110
10110001
00100101
11100101
11010110
01001110
11000010
01000100
01000100
10111101
10010111
01011011
01110000
11100111
10000111
10101000
00010010
11110111
10110011
01001010
01011101
01100000
01010100
10101100
01101101
00001100
11111100
01010010
01111111
11011111
11111111
10010010
01101110
11010001
00111011
00101101
11011011
00001101
10100111
11011011
01001110
