10111101
11101010
01001001
00100100
11000100
00011110
11110101
10001101
11011100
00011010
11111000
11101011
10111011
10001001
10000001
10001001
00001001
10100110
10110101
11000011
11001001
00010110
01011100
00000100
01101111
00110010
00110111
10110100
00100100
10000001
11111010
01110100
01101100
11111100
10110001
10010100
11011010
01101110
11011010
01110010
01010000
01110011
10110000
00000001
01110110
10000010
11100101
01001111
11110001
11010000
00001110
11000010
11000110
11010111
00101101
01000001
01111110
10010011
10010110
01110110
01010011
00011000
01010000
10110110
00011000
00111011
00100100
11010101
11011001
00000000
00000100
01101000
11011111
01001111
10101000
11101100
11011110
11001111
00111001
10010010
11011101
01110010
01001011
11110001
10110111
01011000
01001101
00100011
11010001
01010100
00100110
10100100
10011101
01101001
11111110
10010011
10111010
00100111
10000001
01101011
00101010
11100010
01111101
01000111
00100001
10001011
00110101
11100010
00000101
10011110
11000000
01100101
11000001
00011010
11100000
00111010
11000101
00101100
01100001
11011011
10111011
10100011
00011110
01100111
10010101
01011010
01111010
00010101
