00100011
10000000
10010101
10001101
11110001
10010101
01000100
11110111
01011010
00100100
11001010
01101111
10010001
10000000
10000000
00011010
11110001
10010101
01001010
10000000
10101010
10001111
10000000
10000000
00001110
01110011
00001001
11111011
10110001
01001000
11000110
10000010
10011010
10111011
11000001
00011001
00101101
00100001
11010101
00110010
00001111
10010111
10000000
01000100
00010000
00110101
01001111
10000000
10011111
00101011
10100100
11001111
10010010
01110110
11110110
11001111
11111011
11011111
10101001
01001010
10010011
00100010
10011100
10000000
00011110
10000000
10000000
01101000
11000110
01010100
00101010
00111001
00011001
11101011
11001101
10000000
11000000
11000110
01101101
10000000
11001111
00011110
00010010
01001000
11000011
01111111
10001010
11011000
10000000
01001101
10101010
00110011
00001101
10100111
11111101
10000000
11100000
01110001
11100011
00110011
11010100
10000000
11001011
10001111
11101100
00111000
10000000
00001101
10111111
01001100
10000000
10101100
10000000
00110001
10100111
11101000
00011010
11100110
01111110
11110001
01110001
10000101
00000100
11100110
11010010
10000000
10000000
10000000
