11001011
00000100
10111001
11111000
11100000
10100101
10111010
11000111
10001000
00010011
11101011
01111001
10101010
00101110
00010001
11011110
00010000
01010110
11110101
01001001
00000101
01101001
11111010
00010101
10101111
10110001
00000110
00001110
11001111
01111001
10111011
00001111
00110010
00110001
00110101
11001010
11010110
00010011
00111100
11111010
10011110
00010111
11100000
00100010
10110111
11101001
01100011
00000001
10111000
11010010
00110011
11101111
11000100
11010110
10110011
11011001
10010110
00111111
01010110
01111101
11111101
11011101
11000000
10011110
00011000
11001110
11011101
10100110
10011111
10110011
11001011
00001000
10100000
11101010
11010101
10011001
00111001
01111011
01000101
00101000
00001100
10111000
00000001
00000000
00110011
00101111
00110110
10111101
01111100
11100111
10110011
10000110
00000001
01101111
10000100
01110110
00010011
11110010
11101001
11001010
11010110
11111000
01101010
01011101
00011111
11101100
10110000
00110010
01001101
10101111
11111001
00010011
01101000
10000000
10110000
11011001
01100110
01010101
00110111
11100111
10111110
10000000
01110001
00000001
01001001
10010000
01100110
10011010
00100000
00100100
10010000
00101110
11011101
00111111
01011000
11111010
11011110
11101100
10111001
10110101
00011001
10100000
00100101
11010000
11110101
00100101
10000000
00001111
00111010
01000011
00100000
10110100
01100000
11110000
00010001
00101110
11010100
10011110
10111111
11011110
11111000
01000110
00100010
00111011
10011101
10010010
00011010
10110101
01100011
10100111
10110111
11101101
01110100
11011010
00000110
11111111
01000000
11000001
00010000
10011110
11101000
00000000
01000010
00010011
01001111
00010001
00010000
10110110
01100101
11011011
11110111
11000001
10101001
01001000
11010001
11111001
11110001
10100110
11010100
11110101
11110000
11101010
10111110
11001100
01111000
00001111
10110100
11001110
10110000
10100010
11000000
01010001
00000011
00011010
00001010
11101101
11110001
00000011
11101011
01111010
10111110
11111000
11100011
00001111
01010001
10001001
01000001
00000101
10000111
11000000
00011111
10000000
00000111
00111001
11110011
11111000
00010100
11001001
00000101
11000011
11100000
00001000
00100100
10011110
00000110
10001001
11100111
11101000
11011110
11010000
11100110
11111101
11010101
11110101
11001001
11100010
