10000100
10000000
10000000
10000000
10000000
10000000
10000011
10000000
10000000
10000000
10000001
10000000
10000000
10000000
10000110
10000000
10001010
10000000
10000000
10000000
10000110
10000000
10000000
10000000
10000000
10000000
10000011
10001110
10000110
10000011
10000000
10000000
10000000
10000000
10000010
10000000
10000000
10001000
10000001
10000000
10000101
10000000
10000000
10000000
10000011
10000000
10000000
10000000
10000000
10000000
10000000
10000000
10000000
10000100
10000000
10000000
10000000
10000000
10000000
10000000
10000000
10000000
10001001
10000000
10000000
10000000
10000000
10001010
10000101
10000100
10000011
10000000
10000000
10000000
10000000
10001000
10001000
10000000
10000000
10000000
10001100
10000000
10000000
10000000
10000000
10000000
10000001
10000000
10000000
10000000
10000000
10000000
10001000
10000001
10000101
10000000
10000000
10000000
10000000
10000100
10001001
10000001
10000000
10000000
10000010
10000000
10000000
10000000
10000000
10001100
10000011
10000000
10000000
10000000
10000100
10000000
10000000
10000010
10001000
10000011
10000000
10000000
10000000
10000000
10001010
10000000
10000000
10000001
