10000000
10000000
10000000
10000000
10000000
10000000
10000000
10000000
10000000
10000000
10000000
10000000
10001100
10000000
10000000
10000000
10000000
10000000
10000000
10000000
10000000
11001111
10000000
10000000
10000000
10000000
10000000
11101111
10101110
10000000
10000000
10000000
10000000
10000000
01010011
10000000
10000000
10111000
10000000
10000000
10000111
10000000
10000000
10000000
10000001
10000000
10000000
10000000
10000000
10000000
10000000
10111010
10000000
10000000
10000000
10000000
10000000
10000000
10000000
10000000
10000000
10000000
10000000
10000000
10101011
10000000
10000000
10000000
01000000
10000000
10000000
10000000
10000000
00100100
10000000
10000000
10000000
10000000
10000000
10000000
10000000
10000000
10000000
10000000
10000000
10010111
10000000
10000000
10000000
10000000
10000000
10000000
10001000
10000000
10000000
10000000
10101101
10000000
10000000
10000000
10000000
10000000
10000000
10000000
10000000
10000000
10000000
10000000
10000000
10000000
10000000
10000000
10000000
10000000
10000000
10000000
10000000
10000000
10000000
10000000
10100010
10000000
10000000
10000000
10000000
10000000
10000000
10000000
