10000000
10000000
10000000
10000000
10000000
10000000
10000000
10000000
10000000
10000000
10000000
10000000
10010110
10000000
10000000
10000000
10000000
10000000
10000000
10000000
10000000
10110010
10000000
10000000
10000000
10000000
10000000
11000110
10011010
10000000
10000000
10000000
10000000
10000000
11111101
10000000
10000000
10001001
10000000
10000000
10001000
10000000
10000000
10000000
10000000
10000000
10000000
10000000
10000000
10000000
10000000
10111110
10000000
10000000
10000000
10000000
10000000
10000000
10000000
10000000
10000000
10000000
10000000
10000000
10001110
10000000
10000000
10000000
00001000
10000000
10000000
10000000
10000000
11100011
10000000
10000000
10000000
10011001
10000000
10000000
10000000
10000000
10000000
10000000
10000000
10010001
10000000
10000000
10000000
10000000
10000000
10000000
10000000
10000000
10000000
10000000
10010000
10000000
10000000
10000000
10000000
10000000
10000000
10000000
10000000
10000000
10000000
10000000
10000000
10000000
10000000
10000000
10000000
10000000
10000000
10000000
10000000
10000000
10000000
10000000
10010100
10000000
10000000
10000000
10000000
10000000
10000000
10000000
