10001110
01111010
11011100
11101110
01000010
01010100
00101000
10010101
10010011
10110111
00010100
00110100
11100100
01111100
11000011
00000110
11001011
00000001
11000111
10100111
11100000
10101000
11011001
00110001
01000100
01111010
10011000
01111110
10000010
01110100
00001010
00110101
01110010
00110001
11010001
10101100
10111100
10000110
11110111
01011001
11010100
11110100
11001100
01110001
00101100
10001001
01100100
11100111
10001011
01111111
00011001
00011100
00101000
00001110
01111000
11100101
11000101
00010111
11111111
11010101
01011110
10110011
01110000
01001011
01001010
00110011
10000111
01100100
01000011
01011010
11110111
10000001
01100011
10100111
00010001
01011101
00011100
01011001
10101100
00011001
11001111
00110000
10011000
01110000
00111101
00101111
00000000
00110101
10101110
11100010
00110010
10110100
00110011
00110001
10011001
10110001
10001111
10101001
01100011
00001011
01101000
00000101
10000100
00101000
11000010
00100011
10100110
00110000
11111000
10111000
10011000
11111100
00101011
00011100
01111110
10100110
00101100
11111101
11010100
01001001
01001100
00000101
11010101
00000101
11001111
10001100
11011011
01011110
