11111111
10000000
11010000
10000000
00010101
01000101
11110000
10001110
10000000
01001110
00000110
11101000
10100000
01110000
01000011
00011111
01010110
01100110
10000000
01001001
00101100
11101110
01010001
01000000
11111011
00111111
10000000
00100100
00010011
00000001
00001010
00111000
01001000
01001000
10011010
00000001
00010011
11111000
10000000
00010101
01011101
10000000
10111100
00101100
00001111
00110110
10100111
00000101
00001011
00101000
01001110
11101101
00011101
10001011
11110111
10011101
11111100
01011011
10011001
10000000
10000000
00000010
00000101
00010100
01011101
00110001
00000101
11001001
11101001
00000011
00001010
00011111
01010001
00101111
11101011
00011100
01011100
10110111
10110010
00110101
01001110
10000000
00110110
00101001
01010110
01001110
01000110
10111011
11101001
11111110
11100011
10101010
01100110
10000000
11001011
10001011
01000000
00100000
11111110
00100001
00111110
00010101
10010001
11011000
01001111
00001111
00001111
01111101
10000000
01110001
00111000
00110011
00011101
10000000
11100111
00011111
00001101
11010001
01001111
11011001
00100000
11100000
11001111
01010100
00110100
00110101
10110001
11010000
10000000
00011011
01100010
01110110
00101001
00110110
10101010
11010001
00100010
00111101
10110001
11100001
00010010
10000000
01001111
11110101
01001101
10001010
10000000
00101110
01010000
01110111
01001111
00110111
10000000
11110010
00100010
00110010
00010110
01011010
11001100
01000110
10000000
01111100
00101110
11111011
00000000
10101100
01011110
00111111
01111100
00011111
01100100
00010110
10111011
00101000
01001001
01001100
11000011
00000010
10000000
00010100
01010110
01100010
01111001
00011001
10011010
01001000
11011010
11110010
10011110
11110000
00010010
11100010
00101000
10000001
11111011
10110101
00111001
11111110
00010101
10000000
00110101
00000001
11100011
00110101
10011000
01000100
11011010
00000111
11001001
11001000
11100101
00110000
00011100
01111010
00001010
10000000
11110001
00010001
00001000
10101111
00010100
00100000
00001000
00111011
10110010
11001000
10101111
00111000
11001101
11011000
10100000
10000000
00010110
01100111
00001001
00110100
01010110
00110011
01001000
00010011
00010001
01100010
01100110
11001001
10000000
00000101
10000011
00010100
00111011
00110010
10000000
00101111
00011001
00101110
00100011
00011011
