01010101
11100101
00101001
11000110
10011001
01100101
01001001
00101000
11010110
01001010
11100101
11101111
01110011
00010000
00101101
01000110
00010000
11111100
11101111
01110100
00111101
10011011
11010001
10111100
10111001
01110000
11100010
10010011
11100000
00101010
11001111
00001101
10100100
01011001
00010111
11100101
11011111
10001010
11100010
10011000
01100110
01110111
10110111
00110111
00000101
11101010
00101010
11101010
01110010
10000010
01101011
11110001
10000110
01101000
11110011
11011111
11010100
00010111
00111001
00011000
10001010
10111101
10001100
01111101
11001101
01100011
11110110
10001000
10111000
11101100
01001000
00000110
00000100
11100100
01111111
01111000
11000110
00011110
10100011
10000010
01011011
10100001
00111100
01111111
00011011
00111001
11100000
10100010
00011000
11101010
01011001
10100101
00010001
11101010
01011111
01010100
11100111
00001000
01011100
00000101
00110101
10011111
11001101
01011101
10101100
10011010
11010001
00001011
01100000
00100100
00000110
10011111
01010011
11001010
01010111
00110101
01000110
11011111
11001101
00111000
00111111
11111100
01111010
01110111
01001101
10000010
01010111
11011100
