10000110
11111101
01001010
10001011
00110010
10000101
11100101
11100110
10100011
01001001
01000110
10100100
11100110
10100111
00010111
10101100
01111010
10010100
10100100
11101000
10011010
00111000
00111001
11100111
10000011
01010000
01011110
10010100
10010001
10100111
00110100
00111001
10010010
00110110
00100000
10100000
00111010
01111000
11000101
01100101
10111001
11011101
11111000
00010101
10110010
10000011
10010100
00101111
01010010
00000000
10110110
10000001
01101011
11110011
00100000
00101110
10001100
01111000
11001101
01010000
01111011
11011010
01011101
11101100
01110111
01011010
10001001
00110101
00100111
10001011
11010010
10010010
11011101
11011110
00111110
00000011
10010110
01000100
11000001
10111111
01000110
00110000
01101111
01111110
10010001
10101100
00101010
00110001
01111011
01101010
01011010
00001111
11101001
00001111
00100101
00001010
10011101
10010111
00110010
01111001
10101000
00001111
11101011
00101011
01010100
00111011
00011011
00111001
10100101
11110100
10110011
10011011
10001101
11010100
01011001
11001000
11100110
10010011
00101011
00001000
01010001
10101011
00100001
01100010
11111100
01001011
00110101
11011001
