10000000
10000000
10000000
10000000
10010000
10000000
10000000
10000000
10000000
10000000
10000000
10000000
10000000
10000000
10000000
10001011
10000000
10000000
10000000
10000000
10000000
10001000
10000000
10000000
10000000
10000000
10000000
10000000
10000000
10010100
10000000
10000000
10000000
10000000
10000000
10000000
10000000
10000001
10000000
10000000
10000000
10000000
10000000
10000000
10000001
10000000
10000000
10000000
10000000
10000000
10000000
10000000
10000000
10000000
10000000
10000000
10000000
10000000
10000000
10000000
10000000
10000110
10001100
10000101
10000000
10000000
10000000
10000000
10000000
10000000
10000000
10000000
10000000
10000000
10000000
10000000
10001111
10000000
10000111
10000000
10000010
10000000
10000000
10000000
10000000
10000000
10000000
10000000
10000000
10001111
10000000
10000010
10000000
10000000
10000000
10000000
10000110
10000000
10000000
10000000
10001111
10000000
10000010
10000000
10000000
10000000
10010001
10000000
10000100
10000000
10000000
10000000
10000000
10000000
10010100
10000000
10000000
10000000
10000000
10001110
10001111
10000000
10000000
10000000
10000000
10000000
10000000
10000000
