00110001
10000000
00100101
10100101
01011110
10101110
00111111
10110000
10000000
00111001
11110111
01010111
10101001
10110100
01000110
01010100
01111010
10011101
10000000
10011100
01110111
00100110
01011101
01100110
00111000
01000110
10000000
01101000
01011010
00011100
00100011
11000000
01010001
10010000
11001101
10001110
01000101
01011100
10000000
10001001
00111111
10010110
10000000
01011010
01101100
00110100
01010110
01010100
01010011
01001101
10001000
01110011
01101100
01110100
00110110
01101001
01101001
10100101
10001100
10001100
10001011
01011000
01001100
10100110
10011001
00001010
01110010
00111010
00100101
00101100
00100111
01111100
11111110
01110100
00011001
01010110
01111110
11000011
00001101
01110111
01110001
10000000
01110001
01001110
01111001
01111100
11000011
00000101
11110111
01000101
00010000
01100011
01011000
10101011
00011010
10110100
01010010
01110011
00101011
01010111
01011110
01101000
00001110
11011011
01101001
01011011
01110110
10111001
11101110
01011100
01111110
01000100
01101101
10000000
00110000
00110011
10001010
00001010
10010101
01101111
00111001
01111001
11101110
00110001
01010111
01010010
00001111
00001110
10111000
01011001
01011001
10000011
00111111
01101111
00011011
01001010
00011110
00101011
00010111
01010100
01000011
10000000
01010101
01011011
01011101
10010001
10000000
10001110
10110001
10111101
10001010
10010010
10011001
00101101
01011111
00111100
00111011
10111011
00101011
00111000
11100100
01101110
01101011
00000110
11101100
10111011
01010110
00000011
10000010
01010101
01111101
01000110
11101000
01100010
01110110
01100011
11001110
01000011
10101001
01100010
01111010
10010110
01110010
10011111
10001111
01101111
01010110
01100110
01001011
01011001
01001100
01100010
01000011
11001110
00101110
00011111
01110111
00100001
01100101
10000000
01100111
10000000
01000111
01110101
11100100
10100000
00010010
01001110
00001101
01000000
00011110
01110000
00110100
10101000
01000001
10000000
00100000
01100101
00110111
11100011
00111110
00110110
00111110
01100111
00100010
00011000
10001001
01001010
01101101
11111111
10011000
10000000
10010010
01101001
00101100
01011001
01100001
01001100
01101111
01110010
01110000
01111101
01110110
01010100
10000000
11111010
11110101
01010100
00110100
01001100
10001100
01000000
01100000
00100100
01101000
00111101
