10000100
10000000
10001111
10000000
10000000
10011011
10000000
10000000
10000000
10000000
10000000
10000000
10000000
10000000
10000000
10011010
10000000
10000000
10000000
10000000
10000000
10000000
10000000
10000000
10000000
10000000
10000000
10000110
10010001
10000000
10100101
10000001
10000000
10000000
10000000
10001010
10000000
10000000
10000000
10000000
10000111
10000011
10000101
10000000
10000000
10100101
10000000
10000000
10000000
10000000
10000000
10000000
10000000
10000000
10000000
10001101
10001100
10001110
10001100
10000000
10011011
10000000
10000000
10000000
10010101
10000000
10000000
10000000
10000000
10100001
10000000
10000000
10001110
10000000
10000000
10000000
10000000
10000000
10000000
10000000
10000000
10000000
10000000
10000000
10000000
10001000
10001110
10000000
10000000
10110001
10000000
10000000
10000000
10000000
10000000
10000010
10000000
10000000
10000000
10000000
10000101
10000101
10000000
10000000
10000000
10000000
10000000
10011010
10011111
10000111
10000000
10000001
10000000
10000000
10000000
10000000
10000000
10000000
10000000
10011101
10000000
10100110
10000000
10000000
10000000
10010101
10000000
10000000
