10010000
10000110
01100101
11000001
01100100
11001110
00111000
00010010
10000000
01111111
00110110
01001001
10101111
11100000
10011111
10101011
10011011
10110101
11011100
10111101
10111110
01010011
10001000
10001110
01101011
01111111
10100101
11000100
01110111
01000111
01010111
00000101
10101000
10110001
00101111
10110110
10001001
01101110
10111111
10101100
00110000
11000110
11001000
10101000
10001110
10010001
01000100
01110111
01110001
10000000
10100101
01110111
10101111
10001010
01010010
10001000
10000011
11001101
11010001
10110111
10100100
01100110
10001011
11010100
10001001
01001001
01101111
01011010
01100000
01100000
01011100
10101011
11111101
10010101
00110000
10010101
10101001
00100000
00011000
10101001
10111000
10110101
10011100
10100100
11100110
10001000
11101101
01010110
00111110
01001110
01101000
10010000
10110010
10110111
00111001
11001101
01101011
01010111
01010110
10000111
10000011
01111010
11100101
01001100
10010001
01111101
10000000
11001000
00101000
00001010
10010110
01110011
01110011
10000000
01011101
01101100
11000100
00111011
11110001
00100010
01111010
10011001
11111001
01101100
01101011
01001101
00010111
00101110
11000111
10011010
10011000
10111111
01101001
10011000
00011001
00011000
01101101
01000010
01000000
10011110
01101010
10000000
10001000
01010011
10001011
11001011
10000000
10100101
10000001
11110011
10100111
11000001
10111101
10000101
10001100
10010111
10010011
10001100
01110001
10001010
00000000
10110101
10100101
01100101
00101000
11110011
10001000
11001111
11111100
10000100
11100011
01101001
00111100
10000100
10001011
10011000
00001000
01110010
10011010
10110101
10011011
10001100
11011000
10011001
10100010
10100111
10100110
10100000
11011110
01100000
01100101
01101101
10000100
11110010
01101111
01001001
01110001
01010001
10000100
10101111
10000110
10011001
01011111
10110001
00000110
10111100
01000101
01111100
00110111
00100101
01010101
10100010
01100110
11001111
01111000
10000000
01001001
01111111
01011001
00010011
01100000
01100001
10000001
01100000
11111011
01000011
11100111
01100111
10010100
01100110
11100100
10000000
10110100
01111111
01110110
10011111
10100001
10011001
10111001
10000100
11010100
11000001
01011111
01101011
10000000
00001100
01101111
10000110
01101111
10001001
11001111
10001011
01111101
00110101
01100100
10000001
