10000000
10000000
10000000
10000000
10000110
10000000
10000000
10000000
10000000
10000000
10000000
10000000
10000000
10000000
10000000
10000000
10000000
10000000
10000000
10000000
10000000
11010001
10000000
10000000
10000000
10000000
10000000
11000111
10000000
10101001
10000000
10000000
10000000
10000000
10100110
10000000
10000000
10110111
10000000
10000000
10101111
10000000
10000000
10000000
10000000
10000000
10000000
10000000
10000000
10000000
10000000
10000000
10000000
10000000
10000000
10000000
10000000
10000000
10000000
10000000
10000000
10000000
10000000
10000000
10000000
10000000
10000000
11001011
10000000
10000000
10000000
10000000
10000000
10001010
10000000
10000000
11101010
10000000
10000000
10000000
10000000
10011101
10000000
10000000
10000000
10000100
10000000
10000000
10000000
10000000
10000000
10000000
10000000
10000000
11001101
10000000
10000000
10000000
10000000
10000000
10001011
10000000
10000000
10000000
10000000
10000000
10000000
10000000
10000000
11001100
10000000
10000000
10000000
10000000
10011100
10000000
10000000
10000000
10000000
10010110
10101100
10000000
10000000
10000000
10010010
10000000
10000000
10000000
