10000000
10000000
10000000
10001001
10010011
10000000
10000000
10000000
10000000
10000000
10000000
10000000
10000000
10000000
10000000
10000000
10000000
10000000
10000000
10000000
10000000
10101111
10000000
10000000
10000000
10000000
10000000
10010101
10010000
10010010
10000000
10000000
10000000
10000000
10000000
10000000
10000000
10000100
10000000
10000000
10000000
10000000
10000000
10000000
10000000
10000000
10000000
10000000
10000000
10000000
10000000
10000000
10000000
10000000
10000000
10000000
10000000
10000000
10000000
10000000
10000000
10000000
10000000
10000000
10000000
10000000
10000000
10000000
10000000
10000000
10000000
10000000
10000000
10000000
10000000
10000000
10001101
10000000
10000000
10000000
10000000
10000000
10000000
10000000
10000000
10000000
10000000
10000000
10000000
10000000
10000000
10000000
10000000
10000000
10000001
10000000
10000000
10000000
10000000
10000000
10110010
10000000
10000000
10000000
10000000
10000000
10000000
10000000
10000000
10011100
10000000
10000000
10000000
10000000
10111000
10000000
10000000
10000000
10100111
10100011
10001000
10000000
10000000
10000000
10000000
10000000
10000000
10000000
