10110011
00100110
11111110
11001100
00100011
10111011
00111000
01101010
01001011
01001100
10100111
10100011
10111000
01100011
01110001
00011011
00001001
11110110
11011100
01110010
11101011
01001000
00111000
11001001
01111010
11110111
10010101
10111101
10110000
01011001
00011100
00000000
11111000
10100101
10101101
11101101
11000010
00011100
00111001
01010111
10110011
11000101
10100001
01001001
10110110
10111110
00000111
11101010
00011010
01111101
11101010
10100000
10010011
10101111
10111110
01101100
11011101
10000011
11100010
00111011
10111110
01010011
01010101
01110110
01001101
10010001
01110000
01011000
10000011
10000101
01010001
01110101
00010001
10010010
00111101
00101010
00111001
11011110
00110101
11010010
01101000
11110001
00010110
11011000
10111101
00111100
00110111
11100111
10010100
01111101
10110010
00011110
10010000
01001101
01111011
01011110
01110110
00001101
10011101
01011000
11000000
00001100
10000011
10100100
11000011
11011000
10111001
11100100
11110100
11111101
00100011
00011111
00100011
11000110
00000101
11011101
01001110
00101100
11010000
10011011
10101110
01100010
01110111
10100110
11111110
01000001
00001010
01011101
