10000000
10000000
10000000
10000000
11010011
10000000
10000000
10000000
10000000
10000000
10000000
10000000
10000000
10000000
10000000
10000000
10000000
10000000
10000000
10000000
10000000
10100101
10000000
10000000
10000000
10000000
10000000
10001011
10101011
11001100
10000000
10000000
10000000
10000000
10000111
10000000
10000000
10000000
10000000
10000000
10011111
10000000
10000000
10000000
10010010
10000000
10000000
10000000
10000000
10000000
10000000
10000000
10000000
10000000
10000000
10000000
10000000
10000000
10000000
10000000
10000000
10000000
10000000
10000000
10110000
10000000
10000000
10010110
10010001
10000000
10000000
10000000
10000000
10000000
10000000
10000000
10110011
10000000
10101001
10000000
10000000
10000000
10000000
10000000
10000000
10000000
10000000
10000000
10000000
11000010
10000000
10000000
10000000
10000000
10000000
10000000
10010000
10000000
10000000
10000000
10000001
10000000
10000000
10000000
10000000
10000000
10000011
10000000
10000000
10000110
10000000
10000000
10000000
10000000
10000000
10000000
10000000
10000000
10000000
10010100
11011111
10000000
10000000
10000000
10001000
10000000
10000000
10000000
