00100101
01001111
01110100
11011000
00101101
10010010
10000111
11100011
00101100
00111011
11011000
01110111
10110111
10101000
00010010
11010010
01111100
11100010
01011010
01101000
01010011
11001011
01101011
10100001
01111001
01011000
10011010
00110110
01011110
00100010
10000000
01101110
10000110
11011011
11110101
11101000
11001101
10011000
01100110
10101010
11001111
11100011
10000000
11101100
10100111
01111111
10111110
00010100
01101101
11001001
10000011
00001000
01011111
01110011
01101111
11111000
01010100
11000010
11101011
11001010
11110000
00011110
11010001
01111000
01010010
11001100
00011000
11001001
00111110
00110100
01100100
11111101
11000111
10111101
00111010
10010000
10111011
11011111
10100000
10010000
11010100
10011001
10000111
01110101
10101100
10000010
00111010
11100010
00001011
00110101
01100001
10111001
01110001
00000001
10010011
11001010
11010000
01110100
10110111
10001000
10100101
01011000
11100111
00100010
00011001
11000111
10011011
00001010
00110110
00101001
01000101
11101001
11001001
00010000
01101101
10001111
01110011
10000111
11100101
00000011
10100010
01100111
01000110
00100011
11010001
01100101
00111110
01000010
