10000000
10000000
10000000
10000000
10100111
10000000
10000000
10000000
10000000
10000000
10000000
10000000
10000000
10000000
10000000
10000000
10000000
10000000
10000000
10000000
10000000
10110010
10000000
10000000
10000000
10000000
10000000
11000001
10110101
10011100
10000000
10000000
10000000
10000000
10011001
10000000
10000000
10010001
10000000
10000000
10100001
10000000
10000000
10000000
10111101
11000001
10000000
10000000
10000000
10000000
10000000
10000000
10000000
10000000
10000000
10000000
10000000
10000000
10000000
10000000
10000000
10000000
10000000
10000000
11000110
10000000
10000000
10011110
10010101
10000000
10000000
10000000
10000000
10000101
10000000
10000000
10000000
10000000
11110111
10000000
10000000
10010001
10000000
10000000
10000000
10110011
10000000
10000000
10000000
10000000
10000000
10000000
10000000
10000000
10011001
10000000
10000000
10000000
10000000
10000000
10000000
10000000
10000000
10000000
10000000
10000000
10000000
10000000
10000000
10011001
10000000
10000000
10000000
10000000
10000000
10000000
10000000
10000000
10000000
10000000
10000000
10000000
10000000
10000000
10001111
10000000
10000000
10000000
