10000000
10000000
10000000
10000000
10001100
10000000
10000000
10000000
10000000
10000000
10000000
10001101
10101010
10000000
10000000
10001100
10001000
10000000
10000000
10000000
10000000
10110010
10000000
10000000
10000000
10010111
10000000
10110010
10010001
10001101
10000000
10000000
10000000
10000000
10000000
10000000
10000000
10000101
10000000
10000000
10000000
10000000
10000000
10000000
10001010
10000011
10000000
10000000
10000000
10000000
10000000
10000000
10000000
10000000
10000000
10000000
10000000
10000000
10000000
10000000
10000000
10000000
10010111
10000000
10000000
10000000
10000000
10000000
11001111
10000000
11010000
10010100
10000000
10001111
10000000
10000000
10000000
10000000
10000000
10000000
10000000
10010011
10000000
10000000
10000000
10011000
10000000
10000000
11000110
10011101
10000000
10000101
10000000
10000000
10000000
10011100
10011101
10000000
10000000
10000000
10000000
10000000
10000000
10000000
10001101
10000000
10001100
10000000
10000000
10000000
10000000
10000000
10000000
10110010
10000000
10000000
10000000
10000000
10011011
10010011
10011001
10101011
10110001
10000000
10001011
10000000
10000000
10000000
