10010111
10000000
10000000
10000000
10000010
11111111
10000000
10101111
10000000
10111001
10001110
11111001
00100111
10111111
10011010
11000100
10001101
11110001
10000000
10101101
10101001
10000000
10001101
10110110
10000000
10101101
10000000
10001000
10000001
10000000
10000000
11101010
00010000
10000010
10000000
10000000
10000000
10000000
10000000
10000000
10011010
10000000
10000000
10001101
10000000
10001101
10000000
10000000
10000000
10000000
10110111
10011101
10000000
10011010
10000001
10000000
10000000
11001111
10000000
10000000
10000000
10000000
10000000
10000000
11010010
01000110
10001111
10000000
10001001
10000000
10000000
10010111
10111001
10000111
10000000
10000000
10111000
10000000
10000000
10110111
10000000
10000000
10001001
10110011
10111110
11011110
10111100
10000000
10000000
10000000
10000000
01000111
00010111
10000000
10000000
10000000
10100011
10001101
10000000
10010111
10101010
10000010
10000000
10000000
11000001
10010111
10000000
11001100
10000000
00101100
11000000
10000000
10000000
10000000
10000000
10010011
11001101
10000000
10011001
10000000
10010000
00100110
10000000
10001111
10000000
10010000
10000000
10000000
10000000
10011011
10110000
11011101
10011011
11001100
10000000
10000000
10000000
10001010
10000000
10101100
10011100
10000000
11001101
10011111
10101010
00000110
10000000
10100110
10011010
11001110
10000011
10100100
10000000
10010000
10000000
10110111
10000000
10000000
10000000
10000000
10000000
10110110
10101100
10000000
10000000
00100101
10000000
10000000
01010000
10000000
11010100
10000000
10000000
10000011
10100101
10001001
10000000
10000000
10000000
10000000
10000000
11000000
11010110
10100100
11101101
10001101
10101101
10000000
00001010
10000000
10001010
10000000
10000000
10000000
10001101
10000000
10000000
10000011
10000000
10000000
10001001
10000000
10000000
10001001
10000000
10110100
10000000
10010100
10000000
11110101
10000010
10000000
11000011
11011100
10000000
10000000
10000000
10000000
10000000
10000000
10000000
10011000
10000000
10101011
10000000
10000000
10000000
10000000
00111100
10000000
10000000
10000000
10011100
10100010
10001100
10000000
10000111
10000000
11001000
10011101
10100001
10101011
10101111
10000000
10000000
10000000
10000000
10010010
10001100
10000100
10000000
10000000
10000000
11000001
10000100
10000000
