00110110
11101000
10011100
11000100
11000001
11010100
00101011
10111000
00010010
00101101
11001101
10100011
00000000
10100000
11010011
11111101
00101101
00100000
00110110
10110111
01101011
01010001
11010001
10101111
11010000
10101101
01100010
11101111
00111010
10111110
11101010
11001111
01001000
00100001
01000111
00001011
10101010
01101001
00001101
00111000
00101000
00110000
11010110
00110011
01100111
00011010
10000001
10101100
11001001
10100111
01001010
10000110
00111110
01000001
10111001
01110011
00100101
11110101
11001110
10101111
00111001
01100101
11111000
00000011
00110100
10011100
01110011
10110110
10010001
10011011
10110010
00110100
11101100
11001111
10010000
11101101
01110101
11101001
11000010
00110011
00011110
10111101
01100111
00110011
11110011
10001011
01100110
01010110
10100111
10011111
00100100
01111111
11101110
00101010
01010010
01001001
00111100
01100010
10010101
01010000
01100100
00011100
11000101
10110111
11111101
00100011
11110100
11011001
11011010
11111101
10011000
00010010
00101101
00001111
11111001
00100100
01101000
11111010
11011111
10011010
00101111
10101011
10010111
00101110
00001010
11001001
01010001
00100010
