00011110
10000000
11111110
10000000
00010100
01010111
11010001
01101100
10000000
01001000
00001000
00010101
10011011
01011100
00010001
00101000
00111110
10000111
10000000
00111110
00101111
00000011
00001100
00111111
00000011
01001000
10000000
00011100
01010111
11100001
00000000
10010000
01010000
01100011
10000000
11101000
11110010
10100110
10000000
00111011
00101011
10001001
10000000
01000110
11010011
00110011
11011100
00100001
00010100
00011111
00111100
01000101
00100010
00010111
11110110
10011100
00011001
01110000
10000000
10001110
10000000
11101001
00000010
01111100
01101000
00001101
00110010
00000000
00011101
11100110
00010011
00011011
10010101
00010110
00000100
00001010
01000111
10111111
10111010
01100010
00110000
10000000
01001000
01010000
00111111
01000011
10010111
11000110
10000000
00000110
11100110
11010100
10111110
10001001
10101011
10000000
00001000
00010101
11101001
00110010
00100110
00011110
10101001
10111100
01100101
01000100
11101001
01100101
10110010
10110000
00111011
00101111
00100101
10000000
00001001
00010111
01111011
10100011
01010100
11001101
00000010
10100101
10111011
00110010
11011011
01001100
11010101
11100011
10000000
01001000
00011010
01011001
11111001
00100110
10100000
10000000
11100000
00010111
11110100
00111011
00011110
10000000
00111000
00111011
00011100
01110001
10000000
01000010
01001011
01100100
00111111
00100101
10000010
01000100
01010101
01011100
00001001
00110010
11100111
00000101
10000000
01011000
01011010
10010000
11100110
11001110
00100001
10111001
01101011
11011010
01101100
11110111
11100101
00010001
01010011
00010111
10000000
11011100
10000000
11110111
00100111
01001001
01010011
01000101
10101011
00110011
00001000
00000001
10001110
11111001
00101011
11011011
11101001
10100000
00001001
00011000
01001000
11101110
00011101
10000000
01010001
00010010
11111001
10000111
10010010
00111111
00000100
00011100
00000100
11001010
11101010
11000100
00000110
01000011
11110111
10000000
00000111
00010110
00110010
10000000
00000011
00001000
00110100
01000101
10000000
11001011
10000000
00001101
11101001
11000000
10100111
10000000
00110000
01000110
00110000
00101101
00010010
00011011
01010000
11111100
00110101
01100010
00110010
10000000
10000000
11100100
10111101
00110010
00010011
00001000
10010101
11110011
00011100
11110011
00010000
11110101
