10000000
10000000
10000000
10000000
10100010
10000000
10000000
10000000
10000000
10000000
10000000
10000000
10000000
11011111
10000000
10000000
10000000
10000000
10000000
10011001
10001001
10000000
10000000
10000000
10000000
10000000
10000000
10000000
10001001
10000000
10000000
10000000
10000000
10000000
10001011
10000000
10000000
10000000
10000000
10001010
11010011
10000000
10000000
10000000
10000110
10000000
10000000
10000000
10000000
10000000
10000000
10000000
10000000
10000000
10011011
10000000
10010010
10000000
10000000
10000000
10000000
10000000
10000000
10000000
10000000
10000000
10000000
10000000
10000000
10000000
10000010
11110000
10000000
10000000
10000100
10000000
10000000
10000000
10000000
10000000
10000000
11010010
10000000
10000000
10000000
10001001
10000000
10000000
10000000
10010011
10000000
10000000
10010011
10000000
10000000
10000000
10000000
10000000
10000000
10000011
10000000
10000000
10000000
10000000
10000000
10000000
10010101
10000000
10000000
11010000
10000000
10000000
10000000
10000000
10000000
10000000
10000000
10000000
10001001
10010101
10000000
10000000
10000000
10000000
10000000
10000000
10000000
10000000
