11111110
01101100
01101100
11001111
11010000
11100011
00101001
00101010
10101111
00010111
10000001
11000111
01000111
11100100
01100000
10011001
11001000
00000000
10101111
00001100
11011100
00000111
01101001
11101110
01110010
11000101
01011011
11000000
10110101
01000101
00001100
01000011
11110101
10111110
10101010
11110111
01011111
11010101
10000110
00101111
10100000
11100000
01011011
01011001
11100100
01101011
00011111
01110010
11101000
01001111
10101111
11000111
10110110
11010101
11001101
11001000
01010001
11110010
10100110
11000100
00101011
00011011
11100000
01101111
01000011
01011110
10110000
11100011
00110110
11011011
11001111
10000101
01011010
01101101
01010111
10001010
01111000
01011010
10101101
00101010
00010110
00011011
01001100
01100001
11110100
10000100
01001001
10111011
00000110
10010100
11001001
01100000
10100111
01000110
11010011
00101101
00101110
00001011
10010101
01011100
01000001
01001010
00110100
11101010
10101000
11000010
10100010
11001111
10101110
11001101
00011100
01111110
00101011
01100000
11101100
01101011
11001101
10000000
01010101
01101001
01110001
00011101
01110010
10011011
11000000
10010101
11100001
01101001
