11001010
11000110
10000110
00111011
10110010
01111110
00000010
11110110
11011010
01001000
00100111
00001010
00111000
11101100
11011011
01101001
00001000
01010010
10011111
01000110
10110100
00111011
01101111
10100111
00101100
00100101
01100101
00011101
00111001
11000100
01101001
11100110
00001110
00011011
01110001
11001110
10011100
11110010
00011010
11110100
10101011
01100001
10011111
00111010
10100011
00110110
11011000
10100000
11001000
00100001
11010000
00101011
11101010
01101111
00100011
01110000
11001111
11110011
00011000
11101101
01100001
10001100
11110010
00000111
01011010
11011010
11110101
01001001
11110010
11010010
10110111
10010000
01100100
00011010
10111001
11000100
00010100
10010001
00001100
11001000
01110101
00110000
01111010
10101001
01010101
00001111
11000001
01110110
11111001
11000110
01101111
10010000
01100110
00000000
11001110
11110100
00011001
00100100
10101001
01111011
00010101
01001010
00000011
00010110
00100110
00100101
01101100
00000001
01000110
00010001
00111010
11110001
11000001
01011111
00011101
11000101
00010000
00001111
01000100
10111011
11011000
00100110
00101111
10111111
11111001
10000100
11000111
11010010
