10000000
10000000
10000000
10000000
00000111
10000000
10000000
10000000
10000000
10000000
10000000
10000000
10000000
10000000
10000000
10000000
10000000
10000000
10000000
10000000
10100001
10000000
10000000
10000000
10000000
10000000
10000000
10000000
10000000
10100100
10000000
10000100
10000000
10000000
10001011
10000000
11011111
10000000
10000000
10111100
11101000
10000000
10000000
10000000
10011011
10000000
10000000
10000000
10000000
10000000
10000000
10101001
10000000
10000000
10000000
10000000
11100111
10000000
10000000
10000000
10000000
10000000
11101111
10000000
10000111
10000000
10000000
10111000
10000000
10000000
11111110
10000000
10000000
10000000
10000000
10000000
11011110
10000000
10000000
10000000
10100111
11101001
10000000
10000000
10000000
00010010
10000000
10000000
10000000
10111110
10000000
10101110
11000101
10000000
10000000
10000000
10000000
10000000
10000000
10000000
11000000
10000000
10000000
10000000
10000000
10000000
10100101
10000000
10001001
11010001
10000000
10000000
10000000
10000000
10011010
10000000
10000000
10000000
00001001
11000001
10010110
10000000
10000000
10000000
10010110
10000000
10000000
10000000
