00000111
10111101
10100101
11101010
01110110
01111111
01001011
11011011
10010011
10000111
00010010
01111001
11111111
11001111
01011100
00111101
11110001
01010110
00101110
01100100
00010000
11110011
01100111
10011010
01010101
10111011
10111100
01011111
11100001
01111101
11110100
00101101
11100111
11100000
10010011
11000101
01001111
11100111
11111101
11000110
01111001
00101010
11011011
01010111
10011101
11001001
00101100
11011001
00111110
10010001
10010010
01110111
00100001
01011000
10010110
11000010
10010000
01110001
10100001
00000000
10110000
11101001
00000101
10011101
01100000
00011101
01001110
00100001
11100111
10010010
01110000
11101111
01000110
01110011
01111110
10001101
00110101
01111001
11110110
01110110
01001111
01101010
00010101
10111011
01100100
11000000
10110010
00010110
10000010
00001111
00000011
00000110
00111111
01000111
01000100
11111111
11010000
01111110
01101000
11001011
10101010
01011001
00011000
10100000
01101111
10110110
01000110
01101101
00001001
01101111
00011001
00010101
01111011
00111011
01001101
00010110
10111000
01111110
10110001
00111011
10010010
11000101
10011000
11001100
10101001
11000100
01100011
01010001
