01001101
01001111
00111000
10101000
01111110
01111001
10110100
01010101
10001011
10111000
10000101
10111100
01111111
11101100
01001101
00111010
10000000
11001100
01001001
01101110
11001010
10011011
10100101
00011100
00000010
10010111
11000000
01101101
11011101
01100010
00010001
10110010
00011000
00001111
00101100
01011001
10000100
10100110
00010100
11010110
00100111
01111111
01110001
00000100
00011101
01111110
11111011
00100110
00011011
11110000
01111111
00101100
10001010
10000001
10100100
01010100
01111100
01111011
00111011
10000100
00100010
01010110
11011111
10100001
00110001
11100000
01001110
11111000
11101011
00000000
11001101
10001110
10011110
01100100
10100110
01010011
10010101
11011100
10000100
11010001
01011100
10000110
01111001
10001111
11000100
10111001
00010111
10111111
11000111
10111110
01001101
00111110
01111000
11010110
11101100
11001011
11010001
01110001
01010101
01111010
01011110
11110110
01000010
01100101
11100011
11000110
01100101
01111001
00000111
01001111
10111011
10001110
10001100
01001100
00011100
11010010
01100010
01111100
11110100
11101010
11110010
01010101
00010100
10010100
00010110
11000111
10010101
00100110
