01011001
10000000
00001101
10101010
01010100
01000110
11100011
01011101
10000000
01101101
00101010
10100001
10000100
01111101
01101000
01001100
10001111
10000111
10000000
10101110
01111000
00110001
00110011
10001010
00111100
01010111
10000000
01111101
01010110
00110101
00110111
11010110
00101100
01100101
11011011
11110110
00010011
10000110
10000000
00111000
10100000
11011010
10000011
01010001
00100101
10000111
00001110
01110000
00110111
01001100
10001100
01010101
00101010
10111110
01000111
10000000
01001101
10000011
10011010
10000000
10000000
01000101
00001011
10101100
10101110
01001011
00100100
00000000
01011001
00100101
00101101
01010110
10001010
01001101
00011001
01001100
10100100
11010000
00100111
01100110
01111111
10000000
01000111
01111100
10001000
01010110
10001001
11110111
00000010
00000010
00101101
11010011
10101111
10100010
00011100
11000011
01001100
01110000
00011000
00100101
01010000
00111001
10111001
11110111
01010011
01100011
00111011
10000111
11011010
11010001
10001001
01000110
01011110
10000000
01100010
01011111
10110110
11111011
10011011
11100110
00111011
00101000
11111000
01000101
11001001
10111000
00000011
00110100
10001110
00111011
11111001
10010000
00110110
01101100
10111001
10100010
00111011
01011100
00010101
01000101
01000101
10000000
01111100
00111111
01100011
11000010
10000000
10010010
01011110
10111110
01011000
10011100
11110110
00110100
01001110
10001000
00011100
01110110
00100101
01011000
10000000
01110011
10011111
01001101
00110101
01000100
01010011
11001001
11001110
00111101
11111011
01000111
00001011
01101000
01111011
01001100
10011010
01011111
10000000
00110010
01100000
10000011
10110110
00101111
10011000
01100010
01000000
01111101
11110111
01010010
01101110
00000001
01000111
11100110
00101011
11001101
01111011
00010011
01101011
10000000
01110000
00110000
01001101
11001010
11111101
01011011
11100010
10000010
01000001
10101110
00101010
01101001
00100100
01111101
01001010
10000000
11011010
00110010
01001100
11101100
00111011
00111011
01010111
01100010
11101000
11110000
11100100
00001101
00100100
00010101
11100110
10000000
01010111
10110100
01000000
10001011
01101111
00110001
10010110
01011010
01001101
01110000
10010110
10011001
10000000
00100100
11001100
00111101
00111011
01110000
10000000
01101101
01001001
11110111
01101000
01000010
