01000111
11000001
00100001
11000011
01110010
01110101
01000001
01010001
10000000
11000101
10011111
10100111
10111000
11110101
01101110
10100011
10001110
10000111
10001110
10110000
10101111
11110100
01111011
10001111
01110011
00001110
10001100
10000101
01010011
00111000
01000111
11111010
00110100
10000110
00010111
00100001
01100010
01100010
10000000
01101010
01110110
10111001
10000000
10001000
01110110
01100101
11101000
10001100
00110011
00111100
01110110
01110111
01000000
10000111
01101111
11011011
00111100
10010110
10111110
10010011
10010111
01100110
00100010
01100101
11000100
01001101
01000001
11011111
00101110
01001010
00111010
10000110
01000011
00111101
01001011
01000100
10010100
11110100
10110010
01010100
10000011
10111011
10101011
10001000
10101011
10100010
11001011
01101011
00010001
00101000
00101111
11110101
11100110
10011000
01000000
11001000
01101011
01111100
00111000
10000111
01111010
01100111
11000101
00010111
10100000
00101110
01000011
10110110
11100010
10001111
10010001
01101111
01010110
10000000
01100101
10000100
10001011
11110001
10111001
11111110
01010001
11010101
00100101
10110010
01100010
11000101
00010100
00100001
10001000
01111010
10110100
11010000
01100010
10000111
11000110
10010010
01100100
01101011
00000100
11111011
01011110
10000000
01111111
01001101
01110000
10110000
10000000
10001110
01110110
11000111
10000100
10001110
11110100
01011001
01001000
10000111
00011101
10000111
00010101
00101011
10000000
10000111
01110001
00000110
01101110
01001110
10010011
11101011
01100110
00100110
10000100
01000011
00110010
10001001
10011110
01011111
11110000
01111101
10001010
00001100
01101101
10111101
10110111
00000000
11000111
10011111
01110001
01100000
00001001
01010111
01111000
01000110
00010010
00010101
01001011
00000100
10101111
00101010
10000101
10000011
01100111
00110100
00111010
01011001
00001010
10001010
01010100
10101010
01101101
00100011
01000111
01000001
01111000
01110001
01010111
10000000
01000001
10000010
01000111
11101010
00011010
01001100
01101110
01101010
10110111
00101111
11011011
01000100
11001111
00110100
11100010
10000000
10000011
10101000
01101100
01101011
01011001
00101101
10010011
01101000
01000101
10011101
01111110
10010000
10100100
00111011
00100111
01011001
00111011
10010001
11010110
10011011
01110111
00000010
10010000
01100000
