11010001
11001000
00001011
10000100
01001100
01111111
01000110
10100011
10011110
10111010
10010100
11000110
00000111
11110101
01001110
00011111
00011101
01001110
10010110
01111010
00011101
00010100
10011100
01100010
01011100
10100000
10100011
00010111
00101100
10010001
00000001
10111011
01011000
01101110
00100111
00000101
10001011
11110011
10011000
00011111
00001000
10111110
01011011
10010111
10110101
01101111
11110110
00110010
00101000
11110110
10100000
11111010
11110001
01001000
10110100
00011101
11010110
00000111
11110011
10110101
11000111
11010101
00101001
11111000
00010100
11111111
01101100
11001110
00100100
11110010
00001011
00100010
00001010
11110110
10100000
00001100
00111000
10100011
00101011
11001001
10010111
11100011
00101101
01010011
10000101
11111000
10111111
00010111
10100100
00001000
00010110
00010101
00110001
11000010
11110100
11010001
11100100
00101111
10011111
11110001
01100010
10011111
00111111
10101111
00101000
11010101
11001010
00010101
11011111
10001110
11111001
11011011
10000000
10111110
01001001
10001000
00011000
11001100
00100011
11001111
01100011
11101110
11001011
00010100
00010000
11101100
00110000
10111010
