11111001
10000000
11001000
10000000
00100110
01010110
10101100
11101101
10000000
00110100
00001100
10011110
10100100
00000011
00101111
00110001
00101000
00010000
10000000
01111111
00001100
10001110
00111111
00011111
11010111
00010100
10000000
11100000
11111000
11011100
11011001
00111110
11101010
01000001
10000000
11001101
11110011
11100110
10000000
00010010
11111100
10010110
10111111
00010000
11101111
11111011
10000000
11011010
00000000
11011101
00111100
00010111
11110101
00111101
00001111
10100001
11100001
00111000
10000000
10000000
10000000
11001010
11000010
00100111
01000011
11100110
11100101
10100111
11101100
10100111
00000001
00011100
01010000
00011100
11110010
11010110
00110101
10010100
10000001
01001100
00011101
10000000
00111011
01001011
01001111
01001100
11111001
11100011
11111011
11101011
11000001
10010000
00011111
10000000
11001111
10000000
00011111
11110001
11010010
00001111
11100110
00000010
10000000
10010010
00110101
00001011
00010111
01011001
10001110
01100010
01000101
00001111
10111011
10000000
11101010
11110011
11001111
10011010
01001110
10101100
00000110
11011001
11011001
01010110
01101111
00111101
11011000
11000010
10000000
00010011
01000101
01001101
11111110
01001100
10000000
10000000
11101110
00011000
10011001
11101011
00000111
10000000
00101010
00011001
11111001
01100100
10000000
00110110
00010100
01011111
00100100
00011110
10000000
11110010
00001011
01001000
11100110
11010000
11001010
00000101
10000000
00110110
00001100
11011100
11011001
11010001
00001001
10101110
01101000
10111010
01000100
11101010
10000000
00100011
00011010
00011101
10011100
11110111
10000000
11101111
00011001
00110111
01001100
11001001
10011000
00100110
00000111
11001001
10100111
11100000
00110001
11100011
10110000
10010000
00001000
10001011
00110011
11111001
11110100
10000000
00001110
11101110
11001000
10101001
10000000
00110001
11011111
11011100
11111011
01111010
11100011
10010101
11111001
00110010
11101111
10000000
11000010
00010100
00110000
10011110
11010010
00010101
11110001
00100101
10000010
11000110
10000000
11011001
10100001
11100101
10000000
10000000
00010101
00110100
00011101
00111010
00011110
00010111
00010011
11111110
11100011
01010010
00110010
10000000
10000000
11011110
10110010
00011011
11010010
00010000
10000000
00101111
00000000
00010111
00011000
11110101
