01010100
10000000
11010100
10000000
01001101
10110101
00010101
01111101
10000000
01001111
00100100
11011101
11001100
00100100
01011001
01011101
01110001
11011110
10000000
10000110
01011011
00000110
01011001
01010011
00101100
11000100
10000000
01000101
01000001
11111000
00011010
10011001
10011110
01101101
11100101
11110101
00100000
00001011
10000000
01011011
01111010
11000110
10000000
01001001
01001111
00111010
11000110
00110010
00101110
01000001
00110101
00110011
00011110
01111001
00101011
01000001
11111011
01111110
10010111
10001011
10000111
00110100
00011111
01001000
10001010
11110110
01000101
11010100
00000111
11101010
00001100
01111101
00000100
01010010
01110100
00001110
10011110
11010011
10110100
01110001
01100000
10000000
01001011
01100110
00101000
10000001
10011010
00001001
10011000
00100110
00010110
11011001
10100001
10001100
11110001
11000111
00101010
00110111
00111000
00101101
01000111
01100100
10101100
00100001
01110101
01001011
00110011
10101111
11001100
11001100
00101010
01010000
11000101
10000000
00110010
00001000
10010110
10111010
01111000
00101100
00100010
11011000
11011110
01010010
00111111
00111110
11111010
11110000
10000000
00110011
11111000
01011001
01010000
01001011
10110101
10111110
01000000
01110111
11011011
01010100
00001110
10000000
10000111
00011101
00110011
00111000
10000000
01111001
01110100
01110110
01110101
00111011
10111010
00101000
01000010
01110110
11101001
01100110
00100001
00011000
10101001
01011001
01110000
10010110
11111110
10100101
01010110
10011010
10000010
00000111
01001100
01100110
11010100
01000110
01001000
01000000
10111010
00100100
10000000
11110100
01000001
01100110
10011100
10001110
10001100
01101010
00100010
00011010
10010010
00100010
00110110
00010000
11011010
10110110
00101011
00100111
00100001
11101110
00110110
10000000
01101110
00111011
00100100
00110111
10111111
01100001
11110111
01010101
00110100
00100010
00101100
10111000
01100001
10000011
01000111
10000000
00011000
00111010
00110010
10011100
00010010
00110000
00111001
01111001
11010001
00011010
10000000
00101101
11001110
00001110
10100101
10000000
01101010
01010101
01000111
10000110
01010101
00011000
01010101
00101110
00110101
01111110
01100111
11010000
10000000
00000101
01010011
01100001
00100110
01001000
10010010
01010010
01100100
11111001
01011010
00111001
