10000000
10000000
10000000
10000000
10001010
10000000
10000011
10000000
10000000
10000000
10000000
10000000
10000000
10000000
10000000
10000000
10000000
10000000
10000000
10000000
10001001
10000000
10000110
10000000
10000000
10000000
10000000
10111001
10010010
10000000
10000000
10000000
10000000
10001101
10000000
10000000
10000000
10001010
10000000
10000000
10010111
10000000
10000000
10000000
10000100
10001110
10000000
10000000
10000000
10000000
10000000
10000000
10000000
10000000
10000000
10000000
10000000
10000000
10000111
10000000
10000000
10000000
10000011
10000000
10000000
10000000
10000000
10011001
10001111
10000000
10000000
10000000
10000000
10000000
10000000
10011011
10010000
10000000
10000000
10000000
10010011
10000000
10000000
10000000
10000000
10000000
10000000
10000000
10000000
10000000
10000000
10000000
10100100
10000000
10000000
10000000
10000000
10000000
10000000
10000000
10000100
10000000
10000000
10000000
10000000
10000000
10000000
10000000
10000000
10100011
10011011
10000000
10000000
10000000
10000000
10000000
10000000
10000000
10000000
10000000
10000000
10000000
10000000
10000000
10100101
10000000
10000000
10000000
