10000000
10000000
10000000
10001010
10010011
10000000
10000000
10000000
10000000
10000000
10000000
10000000
10000000
10000000
10000000
10000000
10000000
10000000
10000000
10000000
10000000
10011010
10001011
10000000
10000000
10000000
10000000
10101010
10011110
10000111
10000000
10000000
10000000
10000000
10000000
10000000
10000000
10000000
10000000
10000000
10011011
10000000
10000000
10000000
10010110
10011001
10000000
10000000
10000000
10000000
10000000
10000011
10000000
10000000
10000000
10000000
10000000
10000000
10001101
10000000
10000000
10000000
10000000
10000000
10011100
10000000
10000000
10000000
10010011
10000000
10000000
10000000
10001110
10000000
10000000
10001101
10000000
10000000
10110110
10000000
10000000
10000000
10000000
10000000
10000000
10011001
10000000
10000000
10000000
10001001
10000000
10000000
10000101
10000000
10000000
10000000
10000000
10000000
10000000
10000000
10000000
10000000
10000000
10000000
10000000
10000000
10000000
10000000
10001000
10000000
10000000
10000000
10000000
10000000
10000000
10000000
10000000
10000000
10000000
10001111
10000000
10000000
10000000
10000000
10100000
10000000
10000000
10000000
