10010100
10000000
10000000
10000000
10000000
00011100
10000000
10100100
10000000
10111100
10000100
00011110
00001111
11000011
10101110
10110101
10101110
11110000
10000000
10111101
10101000
10000000
10101000
10110110
10000000
10100001
10000000
10000000
10000100
10000000
10000100
00011101
11111010
10001111
10000000
10000000
10000000
10000000
10000000
10000000
10111010
10000000
10000000
10011010
10000000
10000011
10000000
10000000
10000000
10000000
10101100
10001000
10000000
11001101
10000001
10000000
10000000
11101001
10000000
10000000
10000000
10000000
10000000
10000000
11010111
01001001
10001001
10000000
10001101
10000000
10000000
11001001
11100010
10001000
10000000
10000000
11011111
10000000
10000000
10111101
10010110
10000000
10010000
10101001
11001011
11100110
11001110
10000000
10000000
10000000
10000000
01010001
11111110
10000000
10000000
10000000
10100010
10001001
10000000
10011010
10011011
10011100
10000000
10000000
11010100
10001110
10000000
11010110
10000000
00010100
11010001
10001001
10000000
10000000
10000000
10000000
11001110
10000000
10000100
10000000
10001010
00011111
10000000
10010110
10000110
10000000
10000000
10000000
10000000
10000111
10001101
11011010
10100011
11010101
10000000
10000000
10000000
10100000
10000000
10010110
10101011
10000000
11001000
10010011
10001111
11011110
10000000
10111101
10101110
11010010
10010001
10011011
10000000
10010110
10000000
10110100
10000000
10000000
10000000
10000000
10000000
11000011
10011011
10000000
10000000
01011000
10001111
10000000
00100111
10000000
11011100
10000011
10000000
10001110
10110011
10011000
10000000
10010111
10000000
10011101
10100010
11010100
11001001
10110110
00010011
10010110
11001011
10000000
00011101
10001111
10000101
10000000
10000000
10000000
10001101
10000000
10001111
10000110
10001100
10000000
10101001
10001001
10000000
10000000
10000000
11000100
10000000
10000000
10000000
00010010
10000000
10000000
10100110
11101010
10010101
10000000
10000000
10000000
10000000
10000000
10000000
10100011
10000000
10101010
10000000
10000000
10000000
10000000
01000001
10000000
10000000
10000000
10110111
10101011
10010111
10000000
10100110
10000110
11000111
10010111
10011011
11001110
10110101
10000000
10000000
10000000
10000000
10101100
10001000
10000111
10000000
10101100
10000000
10101010
10011001
10000000
