11001010
10000000
10101110
10000000
11000101
00010110
10000000
00111010
10000000
11011101
01001111
00100110
00010101
10100101
11101010
11111010
00000100
01100001
10000000
00000111
11011100
10001100
11000101
11111010
10010101
10111010
10000000
11001000
11001000
10101001
10110001
01000100
00111001
11011011
10000000
10000000
10001110
11000100
10000000
10011110
10111011
10000000
10000000
11010101
10111001
11010101
10000111
10110110
10101111
10110001
11001000
10111100
10111001
10000000
10101100
11010010
10100111
00101100
10000000
10000000
10000000
10101000
10111111
01110001
00001001
10001110
10101101
10000000
10111100
11000000
10010111
11000001
00001110
10011010
10011100
10000110
00010100
10000000
10000000
10111100
11000100
10000000
11100011
00000011
11111111
11100110
11111000
10000000
10000000
10100111
10000000
00111110
01100111
10000000
10000111
10000000
11001110
10110010
10010100
11000101
10110011
10110001
10000000
10000110
11111010
10111111
10010101
00101000
10000000
10110101
11010110
10101011
11100001
10000000
10110000
10101111
11101011
10000000
00000011
10001000
10110111
01001100
10000000
10001011
11001010
00101110
10000000
10000000
10000000
11011001
00001011
11110010
10101110
00000110
10000000
10000000
11001011
11001011
10000000
01010000
10110111
10000000
00001010
11010101
11000010
01011100
10000000
11101000
00000111
00000001
11101110
11100111
10000000
11000111
10110010
00010110
10001011
10110001
10001001
10101110
10000000
11011110
11011111
10010111
10101101
10001010
11010001
10010100
00000010
10101001
00001001
10110010
10000000
11100110
11011010
11010001
10000000
11000011
10000000
10000000
11001111
00001100
00110011
11110000
01001100
11101000
11001111
10110101
11010110
11010110
11001100
10000000
10100011
10000000
10100011
10000000
10111010
10101111
00000010
10000000
11000011
11000110
10101111
10101110
10000000
11100010
10001001
11000001
10011110
01101000
10101101
10000000
10110110
00101000
11010101
10000000
10000000
10110111
11100010
10000000
10011100
11011011
10101101
10110111
10000000
10000001
10000000
10001001
01111001
10100000
10111110
10000000
11100011
11000111
11010110
11001011
11011101
11100011
00000010
11110101
11100011
00011011
11001100
10000000
10000000
10000000
10000000
10111101
10011010
11101011
10000000
11111010
10110110
10111000
11011001
10111100
