10000000
10000000
10000000
00011011
10010010
10000000
10000000
10000000
10000000
10000000
10000000
10000000
11001001
10101101
10000000
11010000
10000000
10001001
10000000
10000000
10000000
11010101
10000000
10000000
10000000
10000000
10000000
00010110
11100010
10010111
10000000
10000000
10000000
10000000
11010101
10001001
10000101
10011101
11001100
10000000
10000000
10000000
10000000
10000000
10000000
00000010
10000000
10000000
10000000
10000000
10000000
10000000
10000000
10000000
11111110
11111010
10000000
10000000
10000000
10000000
11001101
10000000
00111100
10000000
11001001
10000000
10000000
10011011
11001100
10000000
10001011
10000010
10000000
00000001
10000000
10000000
10000000
10000000
10000000
10000000
10000000
00001100
10000000
10000000
11111000
11101011
10000000
10001010
10000000
11001110
10000000
10000000
10100010
10000000
10110010
10000000
10000000
10000000
10000000
10000000
10000000
10000000
10000000
10000000
10000000
10000000
10000000
10000000
10000000
00011111
10010000
10000000
10000000
11100001
10000000
10000000
10000000
10000000
11011111
00000001
10010111
10000001
10000010
10000000
10000000
10000000
10000000
10000000
