10000000
10000000
10000000
10001000
10000000
10000101
10000000
10000000
10000000
10000000
10000000
10000000
10000000
10000000
10000000
10001100
10000000
10000000
10000000
10000000
10000000
10000000
10000000
10000000
10000000
10000000
10000000
10100110
10000101
10000000
10000000
10000001
10000000
10000000
10000000
10000000
10000000
10001001
10000000
10000000
10001111
10000000
10000000
10000000
10000000
11011111
10000000
10000000
10000000
10000000
10000000
10000000
10000000
10000000
10000000
10000000
10000000
10000000
10000000
10000000
10000001
10000000
10000000
10000000
10111110
10000000
10000000
10000000
10000000
10011110
10000000
10000000
10100101
10000000
10000000
10000000
10000000
10000000
10000000
10000000
10000000
10001101
10000000
10000000
10000000
10010111
10000000
10000000
10000000
11110100
10000000
10000000
10000000
10000000
10000000
10000000
10000000
10000000
10000000
10000000
10000000
10000000
10000000
10000000
10000000
10000000
10000000
10000000
11100011
10100110
10000000
10000000
10000000
10000000
10000010
10000000
10000000
10000000
10000000
11000010
10000000
10101001
10000000
10000000
10000000
10000000
10000000
10000000
