10000000
10000000
10000000
10000000
10000000
10000000
10000000
10000000
10000000
10000000
10000000
10000000
10000101
10000000
10000000
10000000
10000000
10000000
10000000
10000000
10000000
10001110
10000000
10000000
10000000
10000000
10000000
11101001
10000000
10000000
10000000
10000000
10000000
10000000
00101001
10000000
10000000
10101010
10000000
10000000
10000101
10000000
10000000
10000000
10010011
10000000
10000000
10000000
10000000
10000000
10000000
10010000
10000000
10000000
10000000
10000000
10000000
10000000
10000000
10000000
10000000
10000000
10000000
10000000
11010100
10000000
10000000
10000000
00111000
10000000
11111001
10000000
10000000
01111100
10000000
10000000
10000000
10011010
10000000
10000000
10000000
10000000
10000000
10000000
10000000
11111010
10000000
10000000
10000000
10001000
10000000
10000000
10000000
10000000
10000000
10000000
10111010
10000000
10000000
10000000
10000000
10000000
10000000
10000000
10000000
10000000
10000000
10000000
10000000
10000000
10000000
10000000
10000000
10111011
10000000
10000000
10000000
10000000
10000000
10000000
10101101
10000000
10000000
10000000
10000000
10000000
10000000
10000000
