11000000
10001011
00100110
11010011
00000111
01100101
10001010
01111001
11010110
10010110
11111111
00010110
01000101
01110101
00100010
00110001
01001101
01110000
11100101
00111101
10110101
11011101
00001000
10000001
11111001
10101111
01000000
11111111
10000000
01100101
11011110
10100110
00100101
00110111
00101110
00000101
01011100
11011010
11011000
10001010
10000000
10101011
10110001
00100001
00001110
11001000
01110101
01101000
01100011
01110101
11010100
01011100
11100110
10001100
01011101
01111011
10011001
00010011
11111000
11110101
00111010
10111001
11000010
10111010
11110000
00111001
10000000
10010001
01001000
00011001
00110100
00010011
00001010
01100001
10111111
00011001
01010000
11001110
10010011
00000110
01000000
10001001
11100000
00110010
10101001
01111010
10110000
01111000
11111010
11011101
00011101
10101101
11011000
10000111
00001001
00111011
10111010
01100111
01010011
01010110
11011101
11001001
01111011
11010110
00111110
01010110
01111101
01001110
10000101
11010100
10001010
01010110
01100010
10101110
01001101
11100000
00110100
00111110
11010001
10011101
10010100
10010100
00110001
00000111
10010010
11011101
11010010
00011010
