10000000
10000000
10000000
10000000
10000100
10000000
10000000
10000000
10000000
10000000
10000000
10000000
10000000
10000000
10000000
10000000
10000000
10000000
10000000
10000000
10000000
10001011
10000000
10000000
10000000
10000000
10000000
10010000
10000100
10001110
10000000
10000000
10000000
10000000
10000001
10000000
10000000
10000000
10000000
10000010
10011101
10000000
10101111
10000000
10001010
10010101
10000000
10000000
10000000
10000000
10000000
10000111
10000000
10000000
10000000
10000000
10000000
10000000
10000000
10000000
10000000
10000000
10000000
10000000
10011000
10000000
10000000
10011010
10000000
10000000
10000000
10000000
10000111
10000000
10000000
10000000
10001001
10000000
10000010
10000000
10000000
10000011
10000000
10000000
10000000
10010000
10000000
10000000
10000000
10000000
10010100
10000000
10000101
10000000
10001111
10000000
10000000
10000000
10000000
10000000
10000000
10000000
10000000
10000000
10000000
10000000
10000001
10000000
10010111
10000001
10001001
10000000
10000000
10000000
10000000
10000000
10000000
10000000
10000000
10000000
10011100
10000000
10010111
10000000
10000111
10000000
10000000
10000000
