01010100
01111110
01001010
10101011
10011001
11111100
01100101
11100001
01100010
01110001
10100010
01101011
01101110
11101101
01001010
10000000
01010111
00111001
10001100
00100101
00001010
01111111
00011100
00001100
01111111
10101000
00000100
11011110
01011010
11111101
00000101
11001011
01001110
10110111
01101101
01000110
00111110
00010100
01110100
10000000
01110111
00000110
10101101
00000011
10000000
11011001
11001111
00010000
10101101
11010001
11011000
11110011
10000111
11001100
10011100
00101011
01111100
11011011
11011011
11001111
11011000
00100011
10100001
10110110
00000000
11010111
00101110
00010011
00111100
00111011
01001011
10000111
00110011
00110100
11010100
11010101
11011110
00101001
10110001
00010110
11011011
00100000
10100011
00101100
01100100
00111110
11100001
01110000
01101010
11100111
10110011
00100000
10010100
11111100
11100101
01111101
00000100
01001010
11110010
10011011
00011011
01001011
11100101
00011000
01010100
00100111
01101100
10111101
11111001
00100111
01011001
01111000
11001101
00010000
11111010
10010111
01011001
00110111
00001000
10011101
10011101
10011110
00010010
11111011
10111110
11100101
10010101
10111110
