00001011
01110000
10110110
01111010
00011100
10101011
10110001
01011001
00100101
11110111
10010101
10101111
11110010
10001110
00010100
00100010
00001000
01101110
10011110
10110100
01101001
00001000
00001101
01100110
11110101
10000011
11000011
00100100
00110110
00000010
11011000
11000000
00110111
01111011
00110011
01101100
01001011
11101111
10111001
00110000
10001000
11111110
11010110
01001010
10000110
10110001
01000011
10000000
11100110
00111110
01111011
10100110
00000100
00101001
01000001
10011011
10011110
11100111
00001101
10100111
00101001
01011101
00011110
00000001
01110110
00010011
01000010
01111001
10011101
11011010
00100100
01011111
10010101
01110010
10001111
11001010
00111001
01000111
00100110
01001000
00001000
01111101
00111001
00000101
00010110
11011000
11110110
10011000
00100110
01111000
00000010
01010011
01101010
11000110
00101001
10011011
01110000
01111110
00101101
11100001
00001010
10110111
00001100
00111111
00011001
01111000
11100101
10100000
01101011
01010100
11101010
10101001
11011011
10111111
10110100
11101001
10011000
00000001
01000001
01010001
10110100
01110010
01000001
00000010
00110001
01000010
10000101
11101011
