00100101
01010101
10111100
00001101
10111001
01010101
00011110
01110110
00011101
01100110
00000111
11100000
10000100
11100010
11110111
00000110
11110101
10101101
11101010
01111110
11110101
00011001
11101110
11001011
11011111
11111111
01101100
10000001
10100001
10000001
01000111
10011101
10001001
11000001
10001100
01110111
01001010
11111101
01100010
00000001
01111010
01000101
11000101
10101001
01011001
10001001
11000001
00011110
11101110
00101100
11011100
01110011
01000011
01100011
01110001
11001100
10001110
11001101
01111111
10111010
01000101
00100011
10001001
11101110
10100000
00100100
10110100
10011101
10000111
00110110
00110111
11011110
11100111
00101000
00000111
01001110
00111111
10001010
11101001
00011011
11101010
00010111
10110100
10001000
10000110
10110010
10100010
11101100
11001010
01000010
01011101
01011100
11010101
01000000
10010111
00100010
01011011
11010101
00011011
10000000
10011001
00101000
10010000
01011000
00001011
10010001
10010100
10100001
01101010
11101100
10011101
00001100
01110101
00011011
00011001
01111111
10101011
00110010
10101010
11100010
10100000
01010000
00010110
00110001
00000111
11011111
11011011
10000001
