10000000
00100111
10000110
00110001
10011001
00110000
10000100
00111010
10110100
00110100
11011101
01011011
00000011
11000110
10100001
10100101
00111010
00101111
00011001
11001101
10010110
01011110
00000110
10101001
10110101
01010000
11100010
01100001
01110111
11100100
11100010
01101100
10101011
10101000
10100101
01111100
10110101
11001101
00010100
11001111
10111110
01110100
01011100
11000000
10010010
01101001
00011001
01011110
00110001
10011001
00101011
11111010
01001110
00000110
10111111
10100000
01111001
00100001
10100010
00101000
01110110
00111011
11111011
10000010
01011110
11101011
10001010
11011001
00001101
00001010
11111010
11101111
01010011
00101101
11110101
11000101
00010000
01111101
11010100
11100100
00000100
01111010
00001100
00101000
11110000
01000110
11001001
11111110
01011000
01100110
01100110
10110100
10111001
01111000
11101000
01001000
11010001
01111111
01101111
10010101
10101100
10011110
00111001
00000100
11110010
00111011
11000010
11110100
01101101
01000101
10001101
11011011
11010101
11000101
01100011
11010010
00010111
11100000
11110000
11001101
00100010
11011101
11011011
00101110
01101100
00000010
11101000
10111110
