00011011
10000000
11110111
10000000
00110010
00010001
11101100
01000111
10000000
00001010
11110100
00100001
01010010
00110001
00101111
00011000
01011000
01011111
10000000
01011100
00100100
10010011
00011111
00101101
00011001
01111010
10000000
00100111
00000011
11111011
00000101
10000000
10010100
00100111
00000000
10000000
11100000
00000111
10000000
00100110
00000011
10000000
10000000
11100100
00010000
00100001
10100100
00000011
11111010
00001110
00001000
00000110
11111110
10001001
00001011
10010100
00000101
00110101
10000000
10000000
10000000
11011101
00000001
00101111
01000111
11110101
00000011
10111000
00010010
11101100
11100000
10011001
11010110
00000000
11110100
11001011
01011000
10000000
10100111
11110111
00100101
10000000
00110110
00111001
00111110
01001000
00010110
10110011
10010110
11111100
10111001
01101000
00111011
10000000
11000010
10000011
11101011
00001110
00000101
00001101
00111100
00010011
10000000
10111111
00011010
00000011
00001111
01110011
10000101
00001000
01000101
11101110
10101011
10000000
11011110
11111101
01101111
11010011
01001111
11111110
11100010
10010011
10010111
11101111
00010100
01101101
10011101
11001010
10000000
00011111
10010100
00110010
00100011
00111010
11010010
10010111
00010111
11100011
11100011
11111000
00110000
10000000
00100011
11100011
00010100
01110010
10000000
01011001
00111010
01010100
00101110
00101110
10000000
11110010
11010100
00101001
11101101
01101001
11110010
11110110
10000000
00111010
00001110
11101101
11100111
10101010
00000110
11000001
10000100
00000000
01100111
00001010
10110010
00101110
00110110
00100011
10000000
11100101
10000000
11100110
00001001
00111000
01110001
00100001
01010000
00010111
00000011
00100111
01101101
00000011
11110000
11101011
11100101
10101101
11110100
10001110
00100100
11111001
11110101
10000000
00111101
11011000
11111101
01010111
11011100
00100000
11110100
00101011
11110100
01010101
10111111
11110010
00001100
01000000
11111110
10000000
11110101
00101100
00001111
10010111
11111000
00000111
00010101
00011101
10000000
11001000
10000000
11010101
11110110
11010110
11000110
10000000
00000111
01000111
11111100
11111011
00101010
00110110
00001100
00011010
00001010
01010111
00000000
10001010
10000000
11000011
10000000
00111000
11011110
00010100
10000000
00011101
00011001
10110011
00000011
11111011
