10000000
10000000
10000000
10000111
10010001
10000000
10000000
10000000
10000000
10000000
10000000
10000000
10000000
10000000
10000000
10000000
10000000
10000000
10000000
10000000
10000000
10001111
10000000
10000000
10000000
10000000
10000000
10101001
10101001
10000000
10000000
10000000
10000000
10000000
10010000
10000000
10000000
10001000
10000000
10000000
10110000
10000000
10000000
10000000
10010010
10110011
10000000
10000000
10000000
10000000
10000000
10101001
10000000
10000000
10000000
10000000
10000000
10000000
10000000
10000000
10000000
10000000
10000000
10000000
10110100
10000000
10000000
10001000
10111010
10000000
10000000
10000000
10000000
10000101
10000000
10000000
10000000
10000000
11000010
10000000
10000000
10000100
10000000
10000000
10000000
10000100
10000000
10000000
10000000
10000000
10000000
10000000
10000000
10000000
10000000
10000000
10000000
10000000
10000000
10000000
10000000
10000000
10000000
10000000
10000000
10000000
10000000
10000000
10000000
10000111
10000000
10000000
10000000
10000000
10000000
10000000
10000000
10000000
10000000
10000001
10000000
10000000
10000000
10000000
10000000
10000000
10000000
10000000
