11001010
10000000
10010111
10000000
11000011
11010111
10001011
01010110
10000000
11101111
10111000
01110101
01001101
11111011
11100011
11110010
11101110
00100111
10000000
11101001
11100010
10000000
11101100
11010001
10011101
10111111
10000000
11101010
11001101
10101011
10100111
11111000
00000000
00000101
10000000
10101010
10111111
10000010
10000000
11001000
11100011
10000000
10000000
11000011
10111010
11110010
10000000
11001111
11101100
11010101
11111010
10011001
11100101
00100000
10100001
10000000
10000011
11111011
10000000
10000000
10000000
10101110
10111000
11110011
00010101
11101110
10111011
10010111
10010100
10101110
11111100
10011100
00010100
11011110
10001011
11010011
00010101
10000000
10000000
00000011
11100000
10000000
11110000
11100011
00001110
00000000
00011100
10000000
10010110
10100101
10101010
10000010
01110001
10000000
10000111
10000000
11110100
11010001
10111100
11001110
11010001
11011011
10000000
10000010
11111100
11001011
11001011
00110011
10000000
00100110
11100110
00001011
11011000
10000000
10110111
11000101
10110010
10000000
00001000
10000000
11100000
01111101
10010100
00001110
10111011
00101010
10001100
10000000
10000000
11010110
00100100
00011001
10111101
11011100
10000000
10000000
11000001
10101001
10000000
10101001
11010001
10000000
11110111
11010010
11111010
00110111
10000000
11011101
11101011
00001100
11111001
11111011
10000000
10101011
11100110
11111011
11000100
11100100
10000011
11010100
10000000
00010100
11110100
10110010
10101111
01010101
11010100
11101101
00001100
10100111
00101011
10100100
10011000
11011100
11100111
11001111
10000000
10100000
10000000
11100110
00000111
00010001
00011001
10110101
01000010
11100001
10011111
10101011
01101111
10111110
11010000
10100111
11100011
10000000
10101110
10000000
11110010
10100010
11000101
10000000
11100010
10100111
10010100
00010000
10000000
00001010
10000001
10111111
10010111
01110110
11001110
11001101
11010000
00101100
11001010
10000000
10010001
11000001
10111001
10000000
11001010
11000111
10101100
11111010
10000000
10000000
10000010
10101011
10001101
10010101
10000001
10000000
11001101
11111110
11011100
00000100
11011110
11101010
00000000
11101001
11011111
00000101
00010000
10000000
10000000
11011010
10000000
11100101
11001111
10110011
10000000
11010011
11000010
11110100
10101001
11010000
