10000000
10000000
10000000
10000000
10000000
10000000
10001100
10000000
10000000
10000000
10000000
10000000
10000000
10000100
10000000
10000000
10000000
10000000
10000000
10000000
10000000
10000000
10000000
10000000
10000000
10000000
10000000
10010011
10010011
10000111
10000000
10000000
10000000
10000000
10000000
10000000
10000000
10001110
10010000
10000000
10000000
10000000
10000000
10000000
10000000
10000000
10000000
10000000
10000000
10000000
10000000
10000000
10000000
10000000
10000000
10000000
10010010
10000000
10000000
10000000
10000000
10000000
10000111
10000000
10000000
10000000
10000000
10010101
10000000
10000000
10000000
10000000
10000000
10000000
10000000
10000001
10000000
10000000
10000000
10000000
10000000
10000000
10000000
10000000
10000000
10000000
10000000
10000000
10000000
10000000
10000000
10000000
10000000
10000000
10010101
10000000
10000000
10000000
10000000
10000000
10100000
10000000
10000000
10000000
10000000
10000000
10000000
10000000
10000000
10101001
10000000
10000000
10000000
10000000
10010111
10000000
10000000
10000000
10011010
10001111
10000000
10000000
10000000
10000000
10001100
10000000
10000000
10000000
