11000110
10100011
00101101
10100101
10010010
01000011
11111011
10011110
01000111
10100110
01010010
11000101
00110110
10011011
10001000
11000110
00011000
01111010
00111000
11001100
00111110
01101011
01101101
01001100
11100110
01011001
01011100
10111010
00101001
11010110
01011111
01111001
01110001
10111100
11110100
10101000
10111110
01100110
10000111
00010100
11011011
01100111
10111111
01000111
01100000
01000111
11100110
01001001
10111111
10100011
11000001
00100111
01101111
00001101
11110000
10011110
10110100
01110000
10000110
10000000
11011000
10011010
11111110
01100011
10111101
00011101
01001111
01000101
11111101
11000010
11110011
00010101
00011000
00011100
01011110
00000001
01010111
00101110
01011100
00011011
11010111
11010110
01111110
00011100
01001000
10110011
10111101
11100000
01101100
00110010
01000111
11101110
01011000
11100110
10011110
11010001
11000100
01001011
00010101
00001001
01010111
00101100
00011000
11100110
01111011
00111101
11100000
10100110
11110011
00010010
11010001
10101100
01010101
11100110
00100001
10010100
01011111
10010010
01000011
00000110
10011000
01110001
00110100
11010111
11101011
01100100
01001010
00011001
