10000000
10000000
10000000
11100110
10000000
10000000
10000000
10000000
10000000
10000000
10000000
10000000
10000000
10000000
10000000
10000000
10000000
10000000
10000000
10000000
10000000
01100100
10000000
10000000
01110011
10111111
10000000
10000000
10000000
10011110
10000000
01110001
10000000
10000000
10000000
10000000
10000000
01000100
10000000
10000000
01000000
10000000
10000000
10000000
10000000
11110110
10000000
10000000
10000000
10000000
10000000
10000000
10000000
10000000
10000000
11110100
10000000
10000000
10000000
10000000
10011000
10000000
10000000
10000000
10000000
10000000
10000000
10000000
01001011
10000000
10000000
10000000
10000000
01100111
10000000
10000000
01111000
01101111
10000000
10000000
10000000
10000000
10000000
10000000
10000000
10000000
10000000
10000000
10000000
11110000
10000000
10000000
00111011
01000000
10011000
10000000
10000000
10000000
10000000
10000000
10000000
10000000
10000000
10000000
10000000
11100001
10000000
10000000
00100110
00011010
10000000
10000000
10000000
10000000
11010000
10000000
10000000
10000000
10000000
00110000
10111100
10000000
10000000
00011011
10000000
10000000
10000000
10000000
