10000000
10000000
10000000
10000000
10000000
10000000
10000000
10000000
10000000
10000000
10000000
10000000
10000000
10000000
10000000
10000000
10000000
10000000
10000000
10000000
10000000
11001000
10000000
10000000
10000000
10000000
10000000
10000000
10110011
11000001
10000000
10000000
10000000
10000000
10000000
10000000
10000000
10101101
10000000
10000000
11010100
10000000
10000000
10000000
10000001
10000000
10000000
10000000
10000000
10000000
10000000
10000000
10000000
10000000
10000000
10000000
10000000
10000000
10000000
10000000
10000000
10000000
10100001
10000000
10001010
10000000
10000000
10010011
10000111
10000000
10000000
10000000
10000000
10000000
10000000
10010000
10101010
10000000
10000000
10000000
10000000
10000000
10000000
10000000
10000000
10000000
10000000
10000000
10000000
11010010
10000000
10000000
10000000
10000000
10000000
10000000
10000000
10000000
10000000
10000000
10001011
10000000
10000000
10000000
10000000
10000000
10000000
10000000
10111001
10000000
10000000
10000000
10000000
10000000
10011110
10000000
10000000
10000000
10000000
10110000
10100010
10000011
10000000
10000000
10000000
10000000
10000000
10000000
