00000111
01101100
01010010
11011000
10010111
10110010
00000110
11110111
01100011
01101100
11010000
01000000
11001100
11001101
00110010
11111010
01111011
00001001
01000101
00010000
10110001
01111000
10111010
10011010
10100100
11100101
00110100
00111000
10101010
10111001
10011101
00111000
01010101
11010110
10011110
11101101
01010101
10011110
01000100
11101100
01001000
10001101
01110110
01010110
11011111
01111110
10101010
10010011
00111111
10111110
00100110
10100110
10000000
00110110
01001110
01110101
11000100
11110001
10110001
01110001
11111000
10111111
01000111
00001000
11111111
00001010
00100101
01001101
00011111
10010011
00001100
01000110
01111000
10101000
01101011
00010010
10011111
00101101
01101111
01110100
00110010
11011001
10111111
01011110
01100101
01100010
10001000
11111110
10100101
11011101
00110001
01111101
01000111
10110101
00010101
10011011
10010001
00011100
11110100
00110011
00101111
01010000
10010111
00101000
10010001
10000011
01111100
01011010
01110110
10101100
10000000
00001100
01001111
01110011
11010010
10101000
01011010
01010111
01011101
00101101
10110000
01110000
01011010
00101001
01010101
10110111
00010010
00101110
