01100110
10101010
10010011
11010101
01110011
01100100
00111000
10111010
10000000
11001110
01100111
11001100
11011000
10100111
01110111
10001111
10001111
10111010
10111000
10011100
10100111
01010100
01111110
10110100
00111110
00001001
10100000
10111001
10010011
01101011
01100101
00001001
11100001
10111001
11111100
00110110
01010111
00100001
10110101
01101111
00100011
11000010
10000000
01110110
01011001
10011100
01000011
10001001
10000000
01110110
10010101
10000001
01001010
01111001
01100001
01111111
01001010
10101000
11100000
11010011
11100110
01011000
01111101
01010101
10011001
01101000
10100011
01001110
10101010
01000010
01011010
01011010
00110010
01101111
11101010
01001100
10001111
00011010
11110000
11000011
10000000
11110000
11000010
10000100
10110010
10100111
10111011
11011000
11010011
00111000
01010011
00011011
00000000
11110001
01011000
00001011
01111100
01101000
00110111
10010010
10110101
10010101
11011001
01001001
10011111
01110000
00101010
10101010
00100010
01111100
10100111
01111111
11011010
10000000
01000100
01010101
10101010
11110101
10011011
01010101
01010011
10111001
00001010
01100001
00101001
00000000
01001100
11100101
10101110
10011010
01110100
11000010
10001000
10100111
00011110
10001010
01101111
01001011
00110100
11111111
10000110
10000000
10011101
01110101
10000101
10111010
10000000
10010100
01101011
10011100
10101110
10001101
11001010
01100100
01010101
11000010
00110101
10100010
00110101
01101101
10000001
11001000
10110100
00110101
01101010
00010110
01100100
00101001
10101001
01010011
10101001
10001100
00101101
10001001
10010111
10000101
11111010
01111000
10100100
01010001
10011111
11001011
10110111
00110010
11100010
01001011
10110101
01101000
00110101
01100010
10110111
01001010
01111101
00011001
01110011
00101011
10011110
00110110
01101111
11000100
01011110
10000111
01101110
01011000
11111110
10101101
01000011
10110110
01000100
00011101
00110101
10100010
01110110
10110011
01111110
10000000
01111111
01101110
01101011
11010011
01100010
01101010
01010111
01111001
11001110
01001001
11001110
01011100
01101011
01000111
11100011
10000000
11010111
10001010
10000100
01100101
10010011
01001000
10101100
10010001
10001001
01111111
10011000
11101101
10010110
11010000
10100000
10000110
10000111
01101111
10110010
01111001
10000000
01010100
01011111
01001110
