10000000
10000000
10000000
10000000
10000000
10000000
10000000
10000000
10000000
10000000
10000000
10001100
10000000
10000000
10000000
10000000
10000000
10000000
10000000
10000000
10000000
10100001
10000000
10000000
10000000
10000000
10000000
10000100
10011011
10001110
10000000
10000000
10000000
10000000
10000000
10000000
10000000
10100111
10000000
10000000
10000000
10000000
10000000
10000000
10000000
10000000
10000000
10000000
10000000
10000000
10000000
10000000
10000000
10000000
10000000
10000000
10000000
10000000
10000000
10000000
10000000
10000000
10000000
10000000
10000000
10000000
10000000
10001110
10000000
10000000
10000000
10000000
10000000
10000000
10000000
10000000
10000100
10000000
10000000
10000000
10000000
10010010
10000000
10000000
10000000
10010010
10000000
10000000
10000000
10000000
10000000
10010000
10000000
10000000
10000000
10000000
10000000
10000000
10000000
10000000
11000010
10000000
10000000
10000000
10000000
10000000
10000000
10000000
10000000
10000110
10000000
10000000
10000000
10000000
10101010
10000000
10000000
10000000
11100111
10011110
10000000
10000000
10000000
10000000
10000000
10000000
10000000
10000000
