01001100
10000000
00010110
10001011
01010101
01110101
00000010
01010101
10000000
00011010
01001000
10000011
10011110
10011000
10001110
10000010
10010100
10010011
10000000
10011110
01010001
11101110
01001100
10001010
00111111
10100011
10000000
01110001
00111100
00101111
00100011
11010001
00000100
01110100
01011011
00010100
00111011
11110110
10000110
00101101
10011001
10010010
10000000
00111110
00101100
01010111
11100111
01001000
00011011
00111001
01001011
00110001
00110011
01111100
01100001
00011000
01001110
10000011
10011010
10101000
10000000
00111110
00100110
10111111
10001010
00011100
01011110
00011001
01101000
00111011
00111111
00110000
00011000
00110001
00011001
00011010
01101000
11010100
00100000
01001100
01011111
10100110
01011011
01111110
01011011
10011001
00111111
00000000
11011101
00100111
11001101
10010101
10010011
10101110
00100001
10111100
01000000
01001111
00101000
00100101
01001100
01010111
11001100
00010110
01010011
00111011
00010111
10101111
11011111
00111111
10000101
01000000
10100000
10000000
00100111
00101000
01011011
00001101
10000111
00010111
01000001
10010101
11001100
00010100
00110010
10001100
11110110
00100101
10011100
01011111
11001101
10011011
00110111
01011010
11101011
00011000
01001010
00100011
00010000
01100111
01110110
10000000
01100111
01001110
01001010
10100101
10000000
10010011
01110101
10101011
01111101
01101110
10000000
11111110
00100011
01111111
00100010
10000010
00111001
00101001
10000000
01111011
01101010
00001010
00110011
11111110
01010111
11000010
10011011
00110001
10101001
00111010
10011101
01100111
01111110
01010001
11111011
01000011
10000000
00001110
01001110
01111000
10110001
01001001
10110101
01100101
01000101
00110011
11101010
00010110
01010001
00100100
01001010
11000010
00111000
11011001
01001101
00001111
01010001
10000000
01111001
00111110
00111001
10000110
00000010
10000011
00100100
01000111
00101110
00101010
00010110
00010010
00011000
10101111
01000110
10000000
00101101
01101011
01101100
10111001
00100001
00011010
00110001
01001101
11010000
11011011
10000000
00110111
01001000
00000011
00100011
10000000
00101111
10000000
01000110
00111001
01110101
01011101
01111111
01011010
01100111
01111010
01001110
10101001
10000000
00000001
10101100
01001010
00111000
00111111
10010000
01110111
01010101
11110110
00010111
00011011
