10001010
11010101
01001100
10101111
01010111
10001111
01000101
10010000
10000000
10011100
01011111
11101010
11100011
10101110
10001001
10110011
10011001
11100101
00001000
11010001
10001010
01011100
10001110
10100111
01100111
01000010
10100101
10101000
00111110
01010011
01010110
10100111
10110100
10101011
00100010
11011111
01110000
01010011
10000000
01111011
01110001
10101001
11110101
01011111
01001010
10010000
00101011
01011010
00111100
01110001
10000011
10001000
01011011
10001101
01010100
01001111
00110101
10101100
11011110
10100011
00110111
01100101
01111010
01100011
10011001
00100001
01101101
01000111
10011000
00110001
01100100
10010101
11100101
10010111
00011000
01000010
10010101
11101100
11111010
10101100
10001011
10110001
10000101
10010100
10011000
10001110
10010001
11001000
00101011
00011110
01010010
11000010
11001010
00000100
00101110
11010111
01111100
01001111
01001000
01111011
01111111
10100110
11100100
00000100
10110000
00110010
01000101
11010101
11100011
10110110
10101111
01100100
10011001
10000000
01011010
00110001
00101110
01011001
11001100
01000111
01001010
10100000
01000010
10001101
01010101
00100111
01111001
00001010
10010010
10000110
00011110
11010110
10000010
01111110
00100000
00101011
01100011
01011010
11101000
01010101
01110011
10000010
10110111
01001010
01011000
10000111
10000000
10101101
10100011
11000101
10001110
10010000
10001101
01101011
00111000
10110011
00110011
00100100
00110000
01111010
10000000
10010110
10100101
01001100
01011101
11001101
00111110
00110101
11000110
01000110
01111111
01110000
01000001
10010111
10010101
10011000
00111000
01010011
10011111
01011111
10001110
10100100
10100001
01011001
00110000
01101110
00101000
01001010
11011011
01000001
01010010
01000100
01101111
00001001
01101011
00111010
01101100
01010110
01101101
10010101
01111011
01010101
00100010
10001100
11101011
10010010
01010010
01111111
00110111
00101101
00110110
11100010
10001011
10101100
01010010
10000000
00111110
10000001
01100101
00001111
00110000
00111000
01100100
01100100
11111000
01011001
11010101
00101011
10000110
01010110
11110001
00111101
10000010
10001000
00111111
01110101
10010000
01011101
10101110
10010101
10001100
10001000
01110000
00010010
10010111
00101110
10111101
10001100
00110001
01100000
11000101
10011100
01110001
01100011
01100010
00111111
