00011001
10000000
11100011
10000000
11111110
11000010
00001010
00001110
10000000
01001111
01001010
11110010
10110011
00111000
00111111
00110010
01001110
11100110
10000000
01101101
00110110
10100110
00111101
01010000
00001011
00000110
10000000
01001010
00000101
11100011
11110000
01110111
10110001
01001010
10000000
00001110
00100110
10110011
10000000
00111001
00100110
10000000
10000000
00111101
11110100
00110101
10101111
00110011
11100111
00100010
01010100
00110001
00000001
00000111
11101111
00000100
11010000
10000001
10000000
10010011
10000000
00101011
11101101
11001010
00110011
11111101
00011110
11011011
00000110
00011010
00000100
00110000
11111110
00111110
00001110
11011111
10001111
10110011
10001111
01100010
00111010
10000000
00110110
01000100
01100110
10000100
10100100
11110101
10011000
01001000
00000001
11100110
10010001
10100011
11001110
10011110
00111011
00010101
00010000
00100011
00100001
00100011
10001101
11010001
01010000
00010010
00001111
01101111
10000101
11001011
01000111
00101010
00010101
10000000
00001101
11101010
10011010
10010100
01011010
00000111
00001100
11010010
11011010
00110000
10100000
11010101
10011010
11001010
10000000
00111110
00010000
01000010
01010011
01000101
10011100
10000000
00011011
01010010
10111100
00000101
00011011
10000000
01101010
00010001
01000010
10101101
10000000
01011110
01010110
01111010
01111001
00011111
10101010
00101110
00111001
01101001
11111111
11111010
11001101
00001001
10000000
01101100
01000011
11001011
11010011
10111010
00011000
11011100
01010111
11111110
00100010
01000010
10110110
00001010
00111010
00111000
10000111
00101101
10000000
11100110
00100101
01001101
01011001
01001100
01111011
00100011
00100111
11111011
10001100
00110000
00100010
00001111
00001111
10011011
00100101
00100011
00110000
00000000
00000001
10000000
00110100
00100010
11110010
11111001
11010110
01010111
00010000
00100111
11111011
10011100
11011111
11010000
00110011
10000000
00110011
10000000
00100011
01000000
00101111
10111000
00001100
01001101
00000100
00010100
10110100
11000111
10000000
00001100
11000010
00000110
11001101
10000000
00111000
01010111
00101010
00101110
01001001
00100010
00101000
00010110
00111101
01110000
01110001
11000100
10000000
10110110
11011100
00011011
00110010
00001010
10000000
00110110
00011001
01110100
11111101
00000111
