10000000
10000000
10000000
10000000
10100001
10000000
10000000
10000000
10000000
10000000
10000000
10000000
10000000
10000000
10000000
10000000
10000000
10000000
10000000
10000000
10000000
10000101
10000000
10000000
10000000
10000000
10000000
10000000
10000111
10111011
10000000
10000000
10000000
10000000
10000111
10000000
10000000
10000000
10000000
10000000
10000000
10000000
10000000
10000000
10000000
10000000
10000000
10000000
10000000
10000000
10000000
10000000
10000000
10000000
10000000
10000000
10000000
10000000
10000000
10000000
10000000
10000000
10000000
10000000
10000000
10000000
10000000
10000111
10000000
10000000
10000000
10000000
10000000
10000000
10000000
10000000
10011001
10000000
10000000
10000000
10000000
10000100
10000000
10000000
10000000
10000000
10000000
10000000
10000000
10011001
10000000
10000000
10000000
10000000
10000000
10000000
10000000
10000000
10000000
10000000
10000000
10000000
10000000
10000000
10000000
10000000
10111111
10000000
10000000
10010110
10000000
10000000
10000000
10000000
10000000
10000000
10000000
10000000
10000000
10100100
10011111
10000000
10000000
10000000
10000000
10000000
10000000
10000000
