11110011
01001110
11100111
01001101
00011110
00000111
11010100
01110000
10100010
00011011
01011100
10000100
01100101
00111011
01001011
11101011
00110001
00000010
11110000
01110100
00110011
10011110
11110111
00011101
11101010
10110110
00001101
11101000
00010010
11000111
11110111
01011000
11001001
01011111
01111110
11100001
11100000
10001100
00001101
00101110
01011000
10101000
00110011
00001001
00100110
00111011
10100100
00010100
00000101
00000100
00100100
11111010
11000010
10011000
00001001
11011110
10111100
00001010
01011010
00111001
11011101
11100011
11000100
00001110
01010110
00001110
00000100
10001101
11101001
11001010
11000110
11001100
00001001
11111111
11001001
11010100
01001001
10011011
10000110
01001011
11111101
11111111
11101110
01011000
01010110
01110101
00011111
11000101
10101110
10110100
11001101
11001000
00001101
10000111
10111011
01011100
00010110
11110000
11000110
00001110
00110010
00100010
10101110
11010010
00100101
11110101
00000011
00111111
11001111
00011000
00101011
00000111
10011011
10000000
11100011
11111101
00010001
10000000
00101011
01110000
11100111
11011101
10110111
01110100
10011101
01000010
10111110
11001010
01101011
00101001
01101110
01001000
11110011
11011101
01011100
00000000
11111100
00101001
10101001
10011111
11111000
10110010
00110001
11011100
00010010
00001000
10010110
00110100
00110110
01111001
01011111
00000011
01111110
00000100
11101101
01000001
11011110
11010111
11001101
00001101
00100000
00110111
00011000
11001101
11001110
00011111
00110101
10111101
01101110
00000010
01100111
11100100
01101111
00010111
01000011
11110110
01000111
11110001
11111011
10111111
01000000
00111001
01100010
01111000
01001100
00011001
00001010
11011111
10010011
00001101
00100010
10111101
10111101
10000000
11001111
10101101
00110001
11000011
00011101
11101000
11110010
11101101
11101100
11101110
10101110
00100101
11110001
00100111
11101001
01111001
11011001
00011000
00000110
00010110
00000001
11111010
10110100
00010101
00001000
01111000
10101110
11001000
00110000
00001111
01101000
10001101
01001001
00001101
01111100
11001010
00100100
10000000
11110101
01000001
11110110
00011101
11110110
11110000
00101100
11011111
11010100
01000111
01000010
11101100
00110111
10101110
11100011
00100010
11100000
00010101
00101001
00001001
11110110
00110011
00001101
11101000
