10000000
10010000
10000000
10011001
10011110
10000000
10000000
10000000
10001000
10000000
10001100
10000000
10010101
10000000
10000000
10000000
10000000
10000000
10000000
10000000
10000000
10000000
10000000
10001000
10000000
10000101
10010001
10011100
10000000
10010010
10000011
10000000
10000000
10000000
10000010
10000000
10011010
10000000
10000000
10000010
10000000
10000000
10000000
10010000
10000000
10010100
10000000
10000000
10000000
10010101
10001100
10000000
10000000
10011010
10000000
10000110
10000000
10001010
10000000
10000000
10000000
10000000
10010011
10000000
10010010
10000000
10011001
10000000
10000000
10000000
10011010
10000000
10000000
10100001
10000000
10000000
10000000
10000000
10000000
10001100
10000000
10001100
10001010
10000000
10000000
10010101
10000000
10000000
10000000
10000000
10000000
10000000
10000000
10100001
10010000
10000000
10000000
10000000
10000000
10000001
10000000
10000001
10000000
10000000
10000000
10010011
10000000
10000000
10011011
10010000
10001101
10000000
10000000
10000100
10001100
10000000
10000000
10000000
10000000
10000000
10000000
10000100
10000000
10000000
10001000
10000000
10000000
10000000
