10010010
10000000
10000000
10000000
10101110
11000000
10000000
10010000
10000000
10100000
10001010
11100001
11000001
10101011
10110110
10010100
11001100
11011110
10000000
11001011
10100011
10000000
10100110
11010011
10000000
10101000
10000000
10011100
10000001
10000000
10000000
11111110
10001101
10110101
10000000
10000000
10000000
10000000
10000000
10000000
11010011
10000000
10000000
10001001
10000000
10010010
10000000
10000011
10000000
10000000
10110001
10000000
10000000
10111101
10000000
10000000
10000000
10111110
10000000
10000000
10000000
10000000
10000000
11101001
10111110
01111110
10000000
10000000
10000000
10000000
10000000
10011000
10010110
10000000
10000000
10000000
11000000
10000000
10000000
10010111
10010010
10000000
10001111
11000111
10111011
11010011
10111001
10000000
10000000
10000000
10000000
00000010
11011110
10000000
10000000
10000000
10010010
10000000
10000000
10010110
10010010
10000000
10000000
10000000
10010010
10000000
10000000
11010111
10000000
10110101
11000100
10010000
10000000
10000000
10000000
10000000
11001011
10000000
10101100
10000000
10000000
01100101
10000000
10100001
11101010
11101111
10000000
10000000
10000000
10001101
11011010
10110000
10000000
10100001
10000000
10000000
10000000
10001000
10000000
10000000
10000100
10000000
10000010
10000000
10000000
11110011
10000000
11001011
10101001
11011101
10010101
10111011
10000000
10000000
10000000
11100011
10000000
10000000
10000000
10000000
10000000
10110011
10101011
10000000
10000000
01001011
10000001
10000000
11000110
10000000
11101101
10000000
10000000
10100011
10011100
10000011
10000000
10000100
10000000
10000000
10100001
10110010
11110101
10000000
11101010
10101010
10000000
10000000
00001001
10000000
10010010
10000000
10000000
10000000
10000000
10000000
10100111
10000000
10011110
10000000
10010111
10000000
10000000
10000000
10000000
10010111
10000000
10000000
10000000
00000000
10000000
10000000
10000000
10101001
10000000
10000000
10000000
10001001
10000000
10000000
10000000
10000000
10000000
10011000
10000000
10000000
10000000
10000000
00100101
10000000
10000000
10000000
10011100
10110100
10000100
10010110
10101010
10000111
10101100
10011110
10000011
11010100
10101100
10000000
10000000
10000000
10000000
10001110
10000000
10010110
10000000
10101100
10000000
10000000
10010000
10000000
