10000000
11111000
11110000
00100011
11010000
10101111
00011110
01011111
11110010
10111011
11111100
10011000
00101000
00011110
10000100
00110000
00001111
10000000
11101001
10010000
11111010
00100001
01110011
11000101
10101011
11011111
00101101
00000111
00100011
10100011
10000000
11111100
10110111
11100010
11001111
10000000
10100000
11110001
10110011
10111001
11101001
00010101
10000000
00011011
00010100
11111110
10000000
00100101
11110101
00111110
10000000
00010000
10101101
10110001
10011001
00111101
01001100
10100000
11000111
11000101
11110001
10000000
10000110
10000000
01101100
10000000
10000000
00101001
10010011
00100010
00000000
01101110
11011111
00111111
10000000
10000000
00000100
10000000
10000000
00011100
01011011
00011000
10000000
00001100
00111010
11111001
00000000
00111010
10000000
11100011
10000000
01010110
00100001
10011100
00110111
10000000
11101111
01110011
11111011
00001111
00011100
01000001
00100110
00100100
11011010
00000000
01000010
11000110
10000011
01100010
10000000
01101101
10000000
11101011
10011110
10000000
00101010
11001000
01011101
11011011
01000110
11111011
00000110
11011111
11001000
00100110
10000000
10000000
