00000100
10000000
11010111
10000000
00000101
00110100
11100001
00011000
10000000
01011010
00010011
01111111
10001011
01101011
00111101
00011000
00101101
00100000
10000000
10101001
01000011
11001111
00011100
00101010
11011110
01101101
10000000
01000110
00011011
11111100
00010000
10111100
01000001
01001111
10000000
11000001
00100011
00010000
10000000
00110000
01001110
10101000
10000000
00111111
11101001
00101010
11001000
11110100
11111100
00000111
01001010
00000101
11110110
01101110
11110000
10100110
11100000
01111010
10000000
10000000
10000000
11110001
00100101
00101101
01001101
10110000
00110001
10111001
00011001
00000010
11110010
10000100
00011011
00001011
11000110
11111110
00111000
10111100
10110100
00110001
00001001
10000000
00110000
01001000
00110010
00111000
01000000
10111001
10010110
00000110
11110000
10010011
01101111
10000010
11011100
10000000
00111111
00010111
11010101
01011000
00110101
00001111
10000000
11100111
01000011
00100101
00010101
01101000
10000000
11011010
01001101
00011110
01101000
10000000
00010001
11111110
00111101
10000000
10001100
11001000
00011110
10010001
10111010
00110101
00101001
00001110
10101000
10101000
10000000
01000010
11111100
01110111
00110001
00011000
10000000
10000000
00011011
00101000
11110101
00001010
00000100
10000000
00100011
11111101
00001010
10011111
10000000
01011111
00110011
01110000
01100001
00011010
10000000
00010110
11101100
01001100
11011110
00001111
11100111
00010100
10000000
01110110
01010110
00000101
11011010
00110100
00001000
10100000
10100100
11110100
01110001
00001111
11000001
00110100
00111110
00111101
11000010
00101100
10000000
11101010
00011011
01010000
01001101
11101100
01111010
00110111
00101000
11111110
10101111
11110101
00100010
11001000
00011100
10010101
11110101
10000000
00010011
11010111
00101001
10000000
00001110
00111101
11011101
10100101
10110100
00111001
11100110
00010011
00000001
10101111
11110000
01010100
00001001
10000101
00001010
10000000
11110111
00000000
00001110
10001101
11010111
11111110
00110011
00110000
10000010
11110000
10000000
11100010
11011100
10110111
10001010
10000000
01001101
00101000
00100011
00011101
00000101
00011000
01000111
00101111
00010110
01011110
00110111
10000000
10000000
10101100
11111010
01000000
00001010
00010000
10001010
00010100
00001110
01000000
00010110
00001000
