10000101
10000000
10000000
10000000
10000000
10000000
10000000
10000000
10000000
10000000
10000000
10000100
10000000
10000000
10000000
10000000
10000000
10000000
10000000
10000000
10000000
10000100
10000000
10000000
10000000
10000000
10000000
10000000
10000000
10000000
10000001
10000000
10000000
10000000
10000000
10000000
10000010
10000010
10000000
10000000
10000010
10000000
10000000
10000000
10000000
10000000
10000000
10000000
10000000
10000000
10000000
10000110
10000000
10000000
10000000
10000000
10000000
10000000
10000000
10000000
10000000
10000000
10000000
10000000
10000000
10000000
10000000
10000000
10000100
10000000
10000000
10000000
10000000
10000000
10000000
10000000
10000010
10000000
10000000
10000000
10000000
10000000
10000000
10000000
10000000
10000000
10000000
10000000
10000000
10000000
10000000
10000000
10000000
10000000
10000000
10000000
10000001
10000000
10000000
10000000
10000000
10000000
10000000
10000000
10000000
10000000
10000000
10000000
10000000
10000000
10000000
10000000
10000000
10000000
10000000
10000000
10000000
10000000
10000101
10000100
10000000
10000000
10000000
10000000
10000000
10000000
10000000
10000000
