10000000
10000000
10000000
10000000
10010110
10000000
10000000
10000000
10000000
10000000
10000000
10000000
10001110
10000000
10000000
10000100
10000000
10000000
10000000
10000000
10000000
10010011
10000000
10000000
10000000
10000000
10000000
10000000
10000001
10100101
10000000
10000000
10000000
10000000
10000000
10000000
10000000
10000000
10000000
10000000
10000000
10000000
10000000
10000000
10000000
10000000
10000000
10000000
10000000
10000000
10000000
10000000
10000000
10000000
10000000
10000000
10000000
10000000
10000000
10000000
10000000
10000011
10010101
10000000
10000000
10000000
10000000
10000000
10000000
10000000
10000000
10000000
10000000
10000000
10000000
10000000
10011011
10000000
10001100
10000000
10000000
10000000
10000000
10000000
10000000
10000000
10000000
10000000
10000000
10100110
10000000
10000000
10000000
10000000
10000000
10000000
10001010
10000000
10000000
10000000
10010101
10000000
10000000
10000000
10000000
10000000
10000000
10000000
10000000
10000000
10000000
10000000
10000000
10000000
10010000
10000000
10000000
10000000
10000000
10010010
10101101
10000000
10000000
10000000
10001001
10000000
10000000
10000000
