10000000
10000000
10000000
10000000
10011000
10000000
10000000
10000000
10000000
10000000
10000000
10000000
10000000
10000000
10000000
10000000
10000000
10000000
10000000
10000000
10000000
10000000
10000000
10000000
10001001
10000000
10000000
10001011
10000000
10011100
10000000
10010001
10000000
10000000
10011100
10000000
10000000
10001001
10000000
10000000
10000000
10000000
10000000
10000000
10010100
10010100
10000000
10000000
10000000
10000000
10000000
10010111
10000000
10000000
10000000
10000000
10000000
10000000
10000000
10000000
10000000
10001010
10000000
10000000
10101100
10000000
10000000
10100110
10000000
10000000
10010001
10000000
10011000
10010011
10000000
10000000
10000000
10000000
10000000
10000000
10000000
10000000
10000000
10000000
10000000
10010101
10000000
10000000
10000000
10000001
10000000
10000000
10000000
10000000
10000000
10000000
10000000
10000000
10000000
10000000
10000000
10000000
10000000
10000000
10000000
10000000
10010000
10000000
10000000
10000000
10000000
10000000
10000000
10000000
10000000
10000000
10000000
10000000
10000000
10000000
10000000
10000000
10000000
10000000
10000000
10000000
10000000
10000000
