00101101
10000000
11011010
10000000
00001011
10101010
11001110
11101001
10000000
01011110
01111101
01101101
10100111
01000101
01101101
01000001
00100001
01010101
10000000
01011101
00100011
10100110
11111010
01010110
11011111
00000001
10000000
00000110
00101000
11011110
11100100
01100110
01001110
00100101
10000000
10111100
11111000
10101011
10000000
00001100
11110010
10001010
10000000
00000011
11000011
00101011
10010111
00000011
11111000
11111101
00110110
11111110
11011110
00101000
11100010
10101000
11100011
01010100
10001000
10000000
10000000
10110010
11001101
00000100
01010100
11101110
00010110
11001011
11000110
11001110
11100101
11100000
00110101
00001000
00010110
11111101
01010101
10111101
10000000
00001001
00100001
10000000
00001100
00111100
01010011
01010101
00011110
10011110
10000000
11110101
11011011
11001100
11000111
10000000
10111100
10000000
11110011
00000010
11011011
11100000
00010011
00010101
10000000
10100100
00111100
00010101
11001100
01011110
10010100
01010010
01000001
00010001
00100111
10000000
11101110
00010001
01011010
10000000
01011010
11000011
00001011
11001111
10011100
00011010
10110100
01110111
10000010
10110101
10000000
01010010
11100111
01000101
11110110
00000001
10100000
10000000
00001101
00010101
10110110
11011101
00011010
10000000
00111000
00011010
00010000
01100010
10000000
00111110
00011000
01100110
00101010
00000101
10000000
00010100
11101101
00100101
11100001
11111001
11100011
11111010
10000000
01001001
00100011
10101001
11111000
10100111
00010111
10110010
00111110
11011001
00011010
11111010
11101110
00101011
00110001
01000010
10000000
00000000
10000000
11101111
00010111
00111011
01100011
00101011
10011100
00010111
01010010
11110000
10101011
00000100
00010100
11011011
11101000
10000000
00010100
11011111
00010000
11100000
11111111
10000000
00000101
11110110
11110000
00000100
10000110
00111111
11010110
00100001
11100101
10111010
11000001
10111100
11111111
01000101
11110111
10000000
11110000
00001111
00100010
10000000
11100101
00101100
11110111
01000000
10001100
10110110
10000000
11110000
10010110
11000011
10010011
10000000
00110001
01000101
00001110
00000011
00000000
11010100
01011100
11101010
11101111
01011100
01000100
10000000
10000000
11000111
10100110
00001011
11110000
00001011
10000000
00100101
00100001
00101101
00001101
11111000
