10000000
10000000
10000000
10000000
10000000
10000000
10000000
10000000
10000000
10000000
10000000
10100001
10101001
10000000
10000000
10000000
10000000
10000000
10000000
10000000
10000000
10010000
10000000
10000000
10000000
10000000
10000000
11000101
10000000
10000000
10000000
10000000
10000000
10000000
11011011
10000000
10000000
10100001
10000000
10000000
10000000
10000000
10000000
10000000
10010000
10000000
10000000
10000000
10000000
10000000
10000010
10100011
10000000
10000000
10010000
10000110
10000000
10000000
10000000
10000000
10000000
10000000
10000000
10000000
10100111
10000000
10000000
10000000
00010010
10000000
11010011
10000000
10000000
00001010
10000000
10000000
10000000
10111000
10000000
10000000
10000000
10000000
10001000
10000000
10000000
10110011
10000000
10000000
10000000
10010111
10000000
10001011
10000000
10000000
10000000
10000110
10100100
10000001
10000000
10000000
10000000
10000000
10000000
10000000
10000100
10000000
10000000
10000000
10000000
10000000
10000000
10000000
10000000
11011010
10000000
10000000
10000000
10000000
10000000
10000000
10001010
10000000
10101010
10000000
10000000
10000000
10000000
10000000
