10000000
10000000
10000000
10000000
10011101
10000000
10000000
10000000
10000000
10000000
10000000
10000000
10000000
10000000
10000000
10000000
10000000
10000000
10000000
10000000
10000000
10000000
10000000
10000000
10000000
10000000
10000000
11100111
10011011
10001111
10000000
10000000
10000000
10000000
10000001
10000000
10000000
10010010
10000000
10000000
10001111
10000000
10000000
10000000
10001011
10100010
10000000
10000000
10000000
10000000
10000000
10000000
10000000
10000000
10000000
10000000
10000000
10000000
10000000
10000000
10000000
10000000
10000101
10000000
10000000
10000000
10000000
10111010
10010010
10000000
10000000
10000000
10000000
10000000
10000000
10000000
10001011
10000000
10000000
10000000
10000000
10000000
10000000
10000000
10000000
10000000
10000000
10000000
10000000
10000000
10000000
10000000
10100010
10000000
10000000
10000000
10000000
10000000
10000000
10000000
10000000
10000000
10000000
10000000
10000000
10000000
10000000
10000000
10000000
10111010
10001011
10000000
10000000
10000000
10000000
10000000
10000000
10000000
10000000
10000000
10000000
10000000
10000000
10000000
10111111
10000000
10000000
10000000
