10000000
10000000
10000000
10000000
10000000
10000000
10000000
10000000
10000000
10000000
10000000
10101000
10101100
10000000
10000000
10000000
10000000
10000000
10000000
10000000
10000000
11000101
10000000
10000000
10000000
10000000
10000000
10111110
10000000
10000000
10000000
10000000
10000000
10000000
10001011
10000000
10000000
10000000
10000000
10000000
10011101
10000000
10000000
10000000
10000000
10000000
10000000
10000000
10000000
10000000
10000000
10010110
10000000
10000000
10000000
10010011
10000000
10000000
10000000
10000000
10000000
10000000
10000000
10000000
10000000
10000000
10000000
10000000
00101101
10000000
10111111
10000000
10000000
10000000
10000000
10000000
10000000
10000000
10000000
10000000
10000000
10000000
10000000
10000000
10000000
10100000
10000000
10000000
10000000
10000000
10000000
10000000
10000000
10000000
10000000
10000000
10011110
10000000
10000000
10000000
10000000
10000000
10000000
10000000
10000000
10000000
10000000
10000000
10000000
10000000
10000000
10000000
10000000
11000100
10000000
10000000
10000000
10000000
10010001
10010110
10000000
10000000
10000000
10000000
10000000
10000000
10000000
10000000
