10001010
10000000
10000000
10001000
10000000
10000000
10000000
10000000
10000000
10000000
10000000
10000000
10000000
10111111
10000000
10000000
10000000
10000000
10000000
10000000
10000000
10000000
10000000
10000000
10000000
10000000
10000000
10000000
10001000
10000110
10000000
10000000
10000000
10000000
10000000
10000000
10000101
11000101
10000000
10000000
10000011
10000000
10000000
10000000
10000000
10010101
10000000
10000000
10000000
10000000
10000000
10000000
10000000
10000000
10000000
10000000
10001101
10000000
10000000
10000000
10111011
10000000
10101110
10000000
10000000
10000000
10000000
10101101
10000000
10000000
10000000
10001001
10000000
10000000
10000000
10000000
10000000
10000000
10000000
10000000
10000000
10000000
10000000
10000000
10000000
10100111
10000000
10000000
10000000
10000000
10000000
10000000
10100000
10000000
10000000
10000000
10000000
10000000
10000000
10000000
10000000
10000000
10000000
10000000
10000000
10000000
10000000
10000000
10000000
10000000
10000000
10000000
10000000
10000000
10000000
10000000
10000000
10000000
10010110
11101001
10000000
10000000
10000000
10000000
10000000
10000000
10000000
10000000
