11110101
10000000
10000000
10000000
11110000
10000100
10101110
11111111
10000000
00010001
11011100
10000001
10000001
00011010
00011000
11110100
11111100
01010100
10000000
00001101
11100011
10000000
11101100
00101000
11011100
11110111
10000000
00000010
11010001
11001110
11010000
01101010
00101010
00000011
10000000
11110000
11011110
10100101
10000000
11011111
11100001
10000000
10000000
00010001
11000101
11010100
10000011
11001110
11100100
11011001
00101111
11101111
11001110
00011101
11010110
11101011
11001000
01000010
10000000
10000000
10000000
11001111
11110110
11100001
00110010
10011101
11110101
11000001
11101110
11001001
11100000
00010001
00000100
11100011
10111111
11000001
00111010
10000000
10000000
00010101
11110111
10000000
11001110
00010101
01010001
00111010
01010001
11010011
10000000
11001110
10100110
10011110
00010100
10000000
10011011
10000101
00000100
11111110
11001101
11101100
11011010
00000010
10000000
10000100
00100111
00001010
11101100
00101100
10000000
01110101
00110101
11001101
10101000
10000000
10111111
11001110
00010101
10000000
00001111
11000101
11010110
10010100
10010001
11110000
10110000
10010100
10000000
10000000
10000000
11001101
11011011
00111001
11111110
00110010
10000000
10000000
11011010
00011100
10100011
11011110
00000110
10000000
00110110
11110111
11101100
00011001
10000000
00100011
00010001
00111110
00010111
11011110
10000000
11101000
11011111
00010011
10111011
10011011
10111011
11010111
10000000
00011101
11110011
10101000
10100001
10101110
00000110
10011101
10111000
10111011
00110101
11110100
10001111
11100110
00010000
11011000
10000000
11101010
10000000
00010010
00000010
00001111
00100010
00010110
01111010
00000000
00101111
10110110
01111101
00001111
11011001
10110110
10111000
10000000
11001110
10111010
00000101
11000100
11110011
10000000
11100111
00001010
10111101
10110000
11001001
00010110
10011111
11101110
11000110
00110101
11000000
11011101
00000001
00110100
11111001
10000000
11010000
11111010
11100010
10000000
10101001
11011011
11001111
11100101
10000000
10101000
10000000
11011010
10100100
10111001
10000000
10000000
11110011
00010111
11110101
11010011
00001110
11100000
00001010
11111011
11111111
00001101
00010100
10000000
10000000
10001010
11101101
00000100
11001100
11101010
10000000
00001010
11010100
00000010
11110100
10111001
