10100110
01001001
01110110
10010010
00011110
10100000
00010110
00101010
11100011
11110101
10101101
01110101
11001101
01010010
10101010
00010001
00100111
00001010
00110100
11100000
11000010
00110000
00011010
10111101
01111111
10100001
10011011
11010101
10010101
01111000
11011001
10001010
10101111
10100110
01001101
11100101
00001000
00011111
11010011
00100010
00010010
11111001
01111000
00110010
10011000
01111101
11100111
00110110
00011111
10111010
11100100
00100110
00101010
11100011
01101001
00110001
10000011
11110100
01010000
00100001
11001011
01111101
10001000
11001011
01001000
10100011
00011111
00010011
01000011
11110100
01111010
11011101
00101101
01010011
01000111
00100011
10011011
01100110
10010111
10101000
01111000
10010001
00001000
10111001
10000001
01111111
11011100
10001011
10100010
01000010
01001000
00001011
00001001
10111101
11110100
01111110
11010010
10001100
01101100
01101110
10100110
11111111
11010110
11000101
10000100
01000011
10101000
10011100
00111011
10100100
01001110
10110100
11010110
00100100
01111010
10001101
00111110
10011111
10001001
10010111
01100010
10110110
01100100
10100100
00101101
10011101
10101000
10011101
