10000000
10000000
10000000
10000000
10000000
10000000
10000000
10000000
10000000
10000000
10000000
10000000
10000000
10000000
10000000
10000000
10000000
10000000
10000000
10000000
10000000
10000000
10000000
10000000
10000000
10000000
10000000
10000000
10000000
10000000
10000000
10000000
10000000
10000000
10000000
10000000
10000000
10000000
10000000
10000000
00001001
10000000
10000000
10000000
10000000
10000000
10000000
10000000
10000000
10000000
10000000
10000100
10000000
10000000
10000000
10000000
10000000
10000000
10000000
10000000
10000000
10000000
10000000
10000000
10000000
10000000
10000000
10000000
11001110
10000000
10000000
10000000
10000000
10000000
10000000
10000000
10000000
10000000
10001111
10000000
10000000
10011110
10000000
10000000
10000000
10000000
10000000
10000000
10000000
10000000
10000000
10010001
10001110
10000000
10000000
10000000
10000000
10000000
10000000
10000000
10000000
10000000
10000000
10000000
10000000
10000000
10000000
10000000
10000000
11101000
10000000
10000000
10000000
10000000
10000000
10000000
10000000
10000000
10000000
10010000
10000000
10000000
10000000
10000000
10000000
10000000
10000000
10000000
