10000000
10000000
10000000
10000101
10101110
10000000
10000000
10000000
10001000
10000000
10000000
10000000
10010111
10000000
10000000
10000000
10000000
10000000
10000000
10000000
10000000
10000000
10000000
10000000
10000000
10000000
10000000
10011100
10010101
10000000
10000000
10000000
10000000
10000000
10011011
10000000
10000000
10000000
10000000
10000000
10000000
10000000
10000000
10000000
10001111
10010111
10000000
10000000
10000000
10000000
10000000
10000000
10000000
10000000
10110011
10000000
10000000
10000000
10000000
10000000
10000000
10000000
10000000
10000000
10101101
10000000
10000000
10000000
10111110
10000000
10110101
10000000
10000000
10000001
10000000
10000000
10000000
10000000
10000000
10000100
10000000
10001000
10000000
10000000
10000000
10000000
10000000
10000000
10111001
10100000
10000000
10000000
10000000
10000000
10000000
11100011
10000100
10000000
10000000
10000000
10000000
10000000
10000000
10000000
10000000
10000000
10000000
10000000
10000000
10011011
10000000
10000000
10000000
10000000
10000000
10000000
10000000
10000000
10000000
10000000
10000100
10000000
10010110
10000000
10000000
10000000
10000000
10000000
