00000110
10111101
01101011
01000110
10111011
10110100
00100010
10011110
11100101
00010101
10000011
01110101
00010101
00101001
11110101
10000000
01000110
10011011
00001001
10110001
11100001
01000100
01010010
01110111
11001100
00100010
00100101
01100101
01110010
00000101
11010111
00010101
10000100
11100000
11110010
01010001
10000010
11010010
00001111
11011111
11001111
01110000
10000101
01111111
01100000
11001100
00100110
00100000
10001001
11101101
10000110
00111001
00000101
11011000
01001011
00001111
11001001
11010110
01110110
11000011
00100010
10111100
00111111
10011001
00000011
00000010
00000000
10010010
11001011
00011101
10000001
11010011
01001100
00110110
00110110
01010010
11100101
00001110
01000100
11111010
10000011
00011011
01001010
00101101
11010110
00000011
11001001
10100100
11111000
00101001
10111000
01010011
00100011
11001001
10100000
00010000
01000010
11101010
10110000
01001110
11110001
10011111
01011111
10100100
00111111
00111111
11011101
11110111
01010100
10100011
01011011
00101100
00100011
10011100
10101101
01110111
00011001
10101001
01100100
00111110
00010101
10010001
11111100
10011100
10011011
10010011
01000000
10110011
