00011000
10000000
11110100
10001010
00111111
10001001
00000000
00010011
10000000
01001100
11110010
10110001
10101011
00111010
01110001
01100010
01001111
00110111
10000000
10011110
01001111
11110010
01011000
01000100
00001011
10101010
10000000
01000110
00111101
00001000
00001000
10001000
01111110
01000001
10000000
00010000
00101110
11111001
10000000
00010010
11000010
10011100
10000000
00110001
00101110
01101111
11100000
00001110
01000101
00011001
01010011
00010111
11101001
10000101
00101001
10000000
00000111
01110000
10000000
10000000
10011011
11100101
11110011
10010100
01011010
11110001
11111011
11000110
11111101
00010000
11111000
01110101
00011101
00110000
00101110
00000001
01100010
10011111
11000000
01011110
00100110
10000000
00110100
01000010
01110011
01011110
00000100
10100100
10110001
00101000
11101010
11100111
10001111
11010100
11000010
11000001
01000011
00110101
11101101
00101010
00100111
00111011
10000000
11010100
01010000
11111111
00110011
01100110
10010100
00100100
01100101
00100010
10001001
10000000
00011100
00110001
11101100
11011100
01100010
11111010
00001001
11100101
11100000
11001111
10010111
01001110
00011101
10110110
10000000
00111001
01001101
10011000
00100000
01000100
10100100
10000000
00110010
01000100
11100011
00101011
00111100
10000000
01111110
00101011
00111110
01011111
10000000
01010011
10000100
10010100
00111001
00111000
11110111
11110110
00000001
01000110
11011100
01010010
11101100
00111000
10000000
01101000
00111000
11010010
11111101
00010000
00110111
11100011
10110000
00100100
01101011
00010101
11110010
01000110
01111011
00011011
10110101
00001010
10000000
11100110
00101101
01111111
01100010
11011110
11110001
01001010
01011110
11101010
11010100
00001111
00111000
11111110
00101100
10100001
00110000
11000100
01000110
00001110
00000101
10000000
00110110
00110111
11111101
10110111
11001000
01011011
00000101
00011111
00101101
11111101
11101111
00101111
01001000
01111101
01010000
10000000
11100101
00101101
00010100
10101101
00000011
00101100
01000100
01010000
11010000
11111111
10011100
00001100
10110001
00000100
00111000
10000000
01010101
01010110
00101010
00010111
00011110
11110010
01010111
00010000
01001010
01000101
01100110
10000000
10000000
00000011
01001000
01010111
00101101
01110001
10000000
01000000
00110110
10000000
00110011
00001101
