01001000
11011011
00100010
10010011
11111110
10001101
10000101
00110000
01011010
11111100
10000111
10001001
11111101
01110101
01110100
01010011
01111010
01100100
00101001
01100010
10100100
10111010
01010110
11011000
11100110
01001011
00001111
10110101
11100111
01010000
01010011
00111111
00100000
10001100
01010000
11101111
00000001
11000111
01110111
01101001
01110101
01110010
01111000
11110000
00111100
11000000
10111100
01010101
01001110
10110000
10000110
10100100
11010001
01100101
01111001
10001100
11110000
00010101
10101000
00100001
00110001
10001000
01011011
01101110
01111001
11000110
11101110
00101010
11011001
00000111
01010010
10100001
01010011
10000110
10110100
10110100
10110101
00010101
10000111
00101111
10011010
11011111
11010010
00011100
00111101
10010101
01000110
01010101
00111010
00111101
11100111
00001011
11100010
01101011
01110001
01001101
10011100
00001110
01001001
11010010
00100110
11010011
01100011
10000010
11001000
10101100
10100001
10010110
01001000
10010100
10000001
10001000
10111110
10010100
11110110
00010011
10111001
11110110
00011010
00101000
01110010
10001000
10001000
01111100
00010100
10011011
10100111
10000101
