10000000
10000000
10000000
10000000
10000000
10000000
10000000
10000000
10000000
10000000
10000000
10000000
10000000
10000000
10000000
10000000
10000000
10000000
10000000
10000000
10000000
10000000
10000000
10000000
10000000
10000000
10000000
10000100
10000100
10101110
10000000
10000000
10000000
10000000
10000000
10000000
10000000
10000001
10000000
10000000
10000100
10000000
10000001
10000000
10000100
10000000
10000000
10000000
10000000
10000000
10000000
10000000
10000000
10000000
10000000
10000000
10000010
10000000
10000000
10000000
10000000
10000000
10000000
10000000
10010100
10000000
10000000
10011100
10000000
10000000
10000000
10000000
10000000
10000000
10000000
10000000
10000010
10000000
10000000
10000000
10000000
10000000
10000000
10000000
10000000
10001000
10000000
10000000
10000000
10011010
10000000
10000000
10000000
10000000
10000110
10000000
10000000
10000001
10000000
10000000
10000000
10000000
10000000
10000000
10000000
10000000
10101110
10000000
10011011
10110001
10000000
10000000
10000000
10000000
10000000
10000000
10000000
10000000
10000000
10011111
10110011
10001111
10000000
10000000
10000001
10000000
10000000
10000000
