11010110
10000000
10001010
10000000
11010010
11101101
10000000
00001010
10000000
11111010
10100110
01111111
00111101
11111011
00001000
11111101
11101101
11100100
10000000
00101010
11101011
10010001
11011000
11111101
10101100
11001100
10000000
10111010
10110100
10100100
11000011
00010100
11001110
00001101
10000000
10000000
10111111
10101100
10000000
11101011
11100111
10000000
10000000
11011100
10110111
11100101
10000000
10111001
10101001
11001010
11110011
11011110
11010111
01000111
11000111
10000000
10000111
11101111
10000000
10000000
10000000
10110100
10100111
11111110
00001100
11110100
10111100
10000000
10011001
10011011
10110001
11101100
00011101
11000111
10001110
10011111
00001111
10000000
10000000
00000110
11100000
10000000
11110100
00011001
00101100
00010001
00000010
10000000
10110001
11001000
10001110
01000001
11110100
10000000
10010111
10000000
11010110
10110010
10011111
11010111
11011010
11011010
10000000
10000000
11100111
11010110
11000010
01000100
10000000
00010001
11111001
11010010
10101110
10000000
10100001
10110110
10010100
10000000
00000011
10000000
10111010
10101111
10000000
00001111
01000110
00100010
10000000
10011000
10000000
11011110
01011000
00011101
11001100
11001110
10000000
10000000
10111110
11011000
10000000
10000000
10111010
10000000
11101000
11000001
11010000
00000110
10000000
11110011
11111000
01000101
11110100
11100100
10000000
11000111
11001101
00011010
10101001
11010000
10001000
11000010
10000000
11110001
00010010
10110110
10100010
01111001
10111011
10101101
00001111
10001110
00101110
10100011
10000000
11100011
11100111
11001110
10000000
10100110
10000000
11100011
11011001
00011110
00110001
10101001
00100000
11010110
10000000
10000010
01011000
10111100
11001011
10000000
10010111
10000000
11000001
10000000
11101110
10010010
11011010
10000000
11110111
10010000
10010000
11010110
10000000
11101000
10000101
11001100
10101100
01000111
10100011
10000000
10111010
00000110
10111110
10000000
10000000
11001001
10111110
10000000
10011110
11011110
11001000
11101111
10000000
10000000
10000110
10100101
10001011
10000000
10000000
10000000
11010000
00101010
11001000
11101110
11100100
11010010
11100011
11010001
11000010
00011010
11101010
10000000
10000000
11000111
10000000
11010001
11000111
11010101
10000000
11101101
10111100
10101011
11001110
11000101
