10000000
10000000
10000000
10000000
10000000
10000000
10000000
10000000
10000000
10000000
10000000
10000000
10000000
10000000
10000000
10000000
10000000
10000000
10000000
10000000
10000000
10010001
10000000
10000000
10000000
10000000
10000000
11001010
10001100
10110011
10000000
10000000
10000000
10000000
11000100
10000000
10000000
10000000
10000000
10000000
11000111
10000000
10000000
10000000
10001111
10000011
10000000
10000000
10000000
10000000
10000000
10000000
10000000
10000000
10000000
10000000
10000000
10000000
10000000
10000000
10000000
10000000
10000101
10000000
10010111
10000000
10000000
10110111
10010010
10000000
10000000
10000000
10000000
10110001
10000000
10000000
10010100
10000000
10000000
10000000
10000000
10001001
10000000
10000000
10000000
11000110
10000000
10000000
10000000
10000000
10000000
10000000
10100011
10000000
10011100
10000000
10000000
10000000
10000000
10000000
10000000
10000000
10000000
10000000
10000000
10000000
10000000
10000000
10100010
10010101
10000000
10000000
10000000
10000000
10000000
10000000
10000000
10000000
10000000
10000000
10111010
10000000
10000000
10000000
10000011
10000000
10000000
10000000
