10000000
10000000
10000000
10010010
10100101
10000000
10000000
10000000
10000000
10000000
10000000
10000000
10000000
10000000
10000000
10000000
10000000
10000000
10000000
10000000
10000000
10010001
10000000
10000000
10000000
10000000
10000000
10010011
10001000
10111000
10000000
10000000
10000000
10000000
10001110
10000000
10000000
10000000
10000000
10000000
10011111
10000000
10011011
10000000
10010011
10010000
10000000
10000000
10000000
10000000
10000000
10000000
10000000
10000000
10000000
10000000
10000000
10000000
10000000
10000000
10000000
10000000
10000000
10000000
10101100
10000000
10000000
10010111
10000000
10000000
10000000
10000000
10000000
10000000
10000000
10000000
10000101
10000000
10000000
10000000
10000000
10001111
10000000
10000000
10000000
10000000
10000000
10000000
10000000
10000101
10000000
10000000
10000000
10000000
10010101
10000000
10000000
10000000
10000000
10000000
10000000
10000000
10000000
10000000
10000000
10000000
10011000
10000000
10001011
11000111
10000000
10000000
10000000
10000000
10000000
10000000
10000000
10000000
10000000
10000000
11001101
10000000
10000000
10000000
10000000
10000000
10000000
10000000
