10000000
10000000
10000000
10000001
10001000
10010011
10000000
10000000
10000000
10000000
10000000
10000000
10000000
10000000
10000000
10000000
10000000
10000000
10000000
10000000
10000000
10000000
10000000
10000000
10000011
10000000
10000000
10000000
10001000
10000001
10000000
10000000
10000000
10010011
10010001
10000000
10000000
10001001
10000000
10000000
10000001
10000000
10000000
10011110
10000011
10010000
10000010
10000000
10000000
10000000
10000000
10001010
10000000
10000000
10011011
10000000
10000100
10000000
10000000
10000000
10000100
10000000
10000000
10000000
10010111
10000000
10000000
10010110
10010001
10000000
10000000
10000000
10000000
10000100
10000000
10000000
10000000
10000000
10000001
10000000
10000000
10001001
10000000
10000000
10000000
10000000
10000000
10000000
10000000
10000101
10000000
10000000
10000000
10000000
10000000
10000001
10000000
10000000
10000000
10000000
10000000
10000000
10000000
10000000
10000000
10000000
10000011
10000000
10000000
10010001
10000000
10000000
10000000
10000000
10000000
10000000
10000000
10000000
10000000
10000000
10000000
10000000
10000000
10000000
10000000
10000000
10000000
10000000
