10000000
10000000
10000000
10000000
10000000
10000000
10000000
10000000
10000000
10000000
10000000
10000000
10000000
10000000
10000000
10000000
10000000
10000000
10000000
10000000
10000000
10000110
10000000
10000000
10000000
10000000
10000000
10000101
10000000
10011011
10000000
10000000
10000000
10000000
10000000
10000000
10000000
10000010
10000011
10000000
10000010
10000000
10010000
10000000
10000000
10000000
10000000
10000000
10000000
10000000
10000000
10000000
10000000
10000000
10000000
10000000
10001011
10000000
10000000
10000000
10000000
10000000
10000000
10000000
10000010
10001001
10000000
10001111
10000000
10000000
10000000
10000100
10000000
10000000
10000000
10000000
10000100
10000000
10000000
10000000
10000000
10000000
10000000
10000000
10000000
10000000
10000000
10000000
10000000
10000000
10000000
10000000
10000000
10000000
10011011
10000000
10000000
10000101
10000000
10000000
10001101
10000000
10000000
10000000
10000000
10000000
10010010
10000000
10001110
10010111
10000000
10000000
10000000
10000000
10000000
10000000
10000000
10000000
10000000
10010010
10011111
10000011
10000000
10000000
10001100
10000000
10000000
10000000
