10000000
10000000
10000000
10000000
11000011
10000000
10000000
10000000
10000000
10000000
10000000
10000000
10011011
10000000
10000000
10000000
10000000
10000000
10000000
10000000
10000000
10110001
10000000
10000000
10000000
10000000
10000000
10000000
10010101
11001010
10000000
10000000
10000000
10000000
10000000
10000000
10000000
10000000
10000000
10000000
10011101
10000000
10000000
10000000
10000000
10000000
10000000
10000000
10000000
10000000
10000000
10000000
10000000
10000000
10000000
10000000
10000000
10000000
10000000
10000000
10000000
10000000
10011011
10000000
10001010
10000000
10000000
10001100
10010110
10000000
10000000
10000000
10000000
10000000
10000000
10000000
10110011
10000000
10101001
10000000
10000000
10000000
10000000
10000000
10000000
10000000
10000000
10000000
10000000
11010110
10000000
10000000
10000000
10000000
10000000
10000000
10011001
10000000
10000000
10000000
10001001
10000000
10000000
10000000
10000000
10000000
10000000
10000000
10000000
10000000
10000000
10000000
10000000
10000000
10001001
10000000
10000000
10000000
10000000
10110001
11011010
10000000
10000000
10000000
10001101
10000000
10000000
10000000
