10110011
11000000
01100101
01000001
10100010
10101011
01010011
01001011
10000000
11100010
10111011
00010011
11111010
11000010
10101010
10110010
10111011
00110001
11100101
11001101
11011000
00111101
11000000
11101010
10000100
10010111
11101101
11111000
10111010
10110111
10000101
11111101
10110111
11010001
00001111
10011111
10000100
01011101
11000010
11001111
10001010
01000000
11001010
10000000
10100100
10111011
01101110
10111010
10100010
11000101
11110111
10101100
10000101
11110010
10101010
11100100
01110111
11100111
00110100
11110110
10010111
10001111
10000110
11110010
11001100
10111010
10111011
10001110
01100011
01011111
01100000
00010111
10100111
10010011
10001101
01110001
11111010
01010111
01100000
10100000
10010001
11001101
10111000
10101000
00000101
10101011
00101100
01111110
01100110
01101111
01001110
00111100
01101000
00001001
01110111
00001001
10010010
10001000
01110001
11001011
10110000
10001110
00010000
10010000
10111111
10010001
10000111
11010010
01000110
11110011
10101111
10101100
11111111
10000000
10100011
10001111
11110110
00001111
11111010
00111011
10110011
01000100
01100011
10100011
01101101
10110100
00101101
01000101
11100101
11000100
11100010
11110111
10011101
10110001
00111001
11001101
10000001
11000111
01111011
01010011
10011011
10000000
11010101
10111000
11001110
00000001
10010001
11000001
11010110
11100010
10111100
10111110
01101110
10000101
10100010
11110111
01110010
10111010
01100000
10010010
10000000
11100010
11110100
01110101
10001000
01000100
10001101
01010100
10100111
10111100
00001101
10010011
10100110
10111110
10010011
10110010
01000101
10100110
11101110
01001110
11101011
11101100
00010001
00100010
11100011
10011011
10011001
10100010
00011101
10110100
10011001
01010000
11110111
00101000
10111100
00101101
10111011
01010001
10011011
11110001
10010010
01100000
10010101
10111001
00101000
10111000
01011011
10001000
10001100
00000010
10000001
11110110
10100001
11100111
10110000
10000000
01101100
10011100
10011110
00101011
10010000
10110000
10101011
10100001
11101000
00110101
00101010
01110010
00111111
01100010
10010000
10000000
11001000
11111001
10011101
10111010
11111011
10001100
11010010
10100011
10011111
00000010
11011001
10111011
11001110
00011100
01001011
11000101
10001111
11000101
00000010
10110011
10101111
10011100
10011011
10001101
