10000000
10000000
10000000
10010001
10000000
10000000
10000000
10000000
10000000
10000000
10000000
10000000
10000000
10000010
10000000
10000000
10000000
10000000
10000000
10000000
10000000
10000000
10000000
10000000
10000000
10000000
10000000
10000000
10000101
10001100
10000000
10000000
10000000
10000000
10000000
10000000
10000000
10000000
10000000
10000000
10000000
10000000
10000000
10000000
10000000
10000000
10000000
10000000
10000000
10000000
10000000
10000000
10000000
10000000
10000000
10000000
10001001
10000000
10000000
10000000
10000000
10000000
10000000
10000000
10000000
10000011
10000000
10001010
10000000
10000000
10000000
10010111
10000000
10000000
10000000
10000000
10000000
10000000
10000000
10000111
10000000
10000000
10000000
10000000
10000000
10000000
10000000
10000000
10000000
10000000
10000000
10001001
10000000
10000000
10001110
10000000
10000000
10000000
10000000
10000000
10011001
10000000
10000000
10000000
10000000
10000000
10001100
10000000
10000000
10010000
10000000
10000000
10000000
10000000
10010101
10000000
10000000
10000000
10010000
10001000
10001100
10000010
10000000
10000110
10000000
10001000
10000000
10000000
