01110101
10110010
00110101
10110010
01101100
11011010
00100101
11110011
10000000
10100100
01101100
11001101
11111101
01111000
10011001
10001111
01111101
10010000
10110110
10000100
10011110
11010110
01001101
10011100
01100000
00111011
10000000
01111111
10010011
00111101
00101110
10101100
01111111
10010010
10101001
11110101
01011110
10111001
10010000
01111010
00000001
11011110
10111000
01010011
00101100
01110101
00000001
01110111
01011101
01100100
10000110
01011100
00101111
10010001
01010110
11011100
00110101
10110001
11111101
10010000
10000000
00111111
00011010
01110101
10011000
10001100
01011000
00101100
00101111
00100000
01011101
11101110
10011101
01000011
01100011
01000101
10101111
11011111
11101010
01111111
10011011
10000111
01111111
01111011
10011110
10101010
01010011
00101101
11101000
00011111
00110001
00100100
00100000
11100010
00000110
11010111
01111100
01011010
00101001
01000001
01000100
01111011
10000001
00101101
10010111
01110010
01000011
10100010
11011110
11000100
10010100
01110011
00010001
10000000
01001111
10000111
11010100
00011111
10100111
11010100
01111001
01001101
00001110
10001100
00100100
10001011
00011101
11110010
11011100
10000110
01100100
10111000
01011011
10001001
11100111
10000000
01001110
01010011
00001101
00011000
01111100
10000000
10101011
01100111
10101000
10101000
10000000
10000011
01111101
10111011
01101000
01100000
11100010
01011000
01100110
01101100
01000110
01001011
00111110
01011010
10000000
10001101
10000000
11111000
00011101
00001010
10000000
00101011
10011000
00111100
01110100
01001011
00011100
01101110
10001101
10010101
11011010
01100001
10001000
00010101
10000111
10000011
10100101
01000001
00010101
01100001
01110111
01011000
00001110
01001110
01101011
01001010
00011100
11100001
01000110
01000000
01011110
00110011
01001110
10000000
10001010
01001011
01011101
01110000
11101110
10011011
01000100
01101111
00111001
11110100
00110010
01000001
01000111
01111110
01101011
10000000
01011010
01100000
10000101
11011010
01001111
10001001
01100001
10011010
11000000
00001000
00010010
00111001
11111101
01010100
11100100
10000000
01110010
11001100
10010000
01010011
10001100
00011111
10010001
00100110
01010010
10001110
10010001
10011111
11001100
00110010
11100001
10000101
01010011
01011101
10010101
01100100
01101010
10001011
01111010
01010110
