00001101
01000011
10001111
00101101
01101111
10011001
11000100
11110100
11011100
10101000
11011000
00110011
00000100
01011000
11001101
01100101
10101111
11111100
00100001
01000110
00101101
00010010
11111010
01011111
11000110
01110011
01001111
01001111
00110110
00111001
01011101
10001001
01111010
11100010
10010101
10001110
01110000
10100111
10010001
00111010
11111100
01111011
10110111
11111001
10010110
11010001
00000110
10000101
01101100
01001111
00010101
11101011
10011011
11011010
01100100
00010000
00100101
11001011
01100001
01000011
01010000
11001011
00011100
11000001
11111100
00000000
11110111
01000001
10011100
11001011
00100010
11011011
11101110
00111001
10110010
11010111
01010101
00110100
11110100
01001000
01010011
01010101
00100100
10110010
11011100
10100001
11100101
10000101
01110101
00110110
00110101
00001011
11000101
10101100
10101110
11101001
00101110
10010000
00100111
11101100
11001100
11000101
11101110
10101010
01001010
10011111
00000111
01011001
01001101
01110000
11001111
00100111
01001110
10001001
10000110
10100011
01101010
10111000
01110010
01111000
01000110
00010100
10110110
10101011
11100011
01101010
10100100
10110101
