11110010
01111010
01110001
01000110
00000110
01110111
10010001
00000010
01000101
01100111
10100101
11111010
00000000
00000001
00000001
00101100
11011000
10011011
11001110
01010011
10111011
01000000
10101010
00110001
10011100
10110000
11000101
10110010
11100101
11010101
00000110
01010000
00000010
10001111
10101001
01100010
10111011
10001001
11110110
10110011
11101100
00000001
11010101
11001011
11010011
10100110
11110110
10111000
00111011
10101000
01101111
01101001
01101100
00111110
10111111
10001010
11001001
01101000
11001001
10001010
01000110
00101100
10111011
00100000
11001111
10001001
11100001
00110110
00101000
00011110
11101110
00101111
01111111
10010100
10101101
10000100
11011110
00010011
11110110
10110000
11110110
11100010
10110111
10110100
10101010
00100000
11100101
10111001
11010011
00010000
11011110
00111110
00000111
10001100
10000011
11100000
10011001
11100010
10010101
00100000
01010010
11000000
01000011
00011101
10111001
00110101
01011110
11111001
10101001
10011111
01001110
11101100
01011101
01110001
11010010
11010000
10110001
10011010
01111100
10000100
01010100
01000001
00010100
01011010
00111100
11111000
11000110
11111111
