10010100
11000001
01011010
11100101
01111101
10011011
01000101
00110111
10000000
10100001
10000001
10110011
11100101
11001010
10100111
10100001
10100100
01101111
11111100
10100110
10101101
11110111
01101001
01110110
01110110
01000101
10111100
11001011
10001111
00111110
01001101
11101001
10011110
10101100
11100010
00001010
01100010
11111010
10011000
01111010
01010101
11100111
11011111
01010110
01010101
10101101
00010110
01110011
01111011
10001100
10001110
01011101
01011011
11101110
01110111
10111100
00110100
10001100
11011000
10000100
10000000
01000010
00111101
10111011
11101011
10011101
10001010
00110010
01101110
01000110
01010111
00010111
10100100
10001101
00101000
01110001
10110101
00010000
11110100
01111101
10011011
10000000
10111111
10001011
11000010
10100110
10000110
01000101
00100100
01011001
00111000
00011010
00011011
11111010
00110001
11011100
01101111
10000000
01010010
01110101
01100101
10011011
11010000
00110010
01111001
01111010
01100001
10101000
00000111
10111010
10011110
10000110
10101000
10000000
10000001
01111000
11001101
00110000
10101010
00001011
01111001
00101101
01000101
10110001
01100011
10110000
11110010
00010000
11100111
10010011
10011100
11010011
10000110
10001001
00010110
10100110
10011110
01010010
00011100
00110100
10011011
10000000
10011000
01110100
10100100
10111100
10001110
01011000
10001000
11001010
10111000
10100110
00110100
01111000
10001000
10011011
00111100
10100110
01010101
01101000
10000000
11010101
10011000
00101110
01011010
01001011
01110010
01010101
10110110
00101010
10111101
00110010
01001101
10011100
01110110
10000100
11101111
01101111
11001110
01000101
10101101
11001000
10111110
00001110
00000101
01111110
01111101
01111000
01001011
10000101
01100100
00101011
10100101
11111111
01111101
00101011
10011101
00111110
01010111
10010010
01100111
01100010
01001110
01101011
00100100
10111011
01001101
01100101
01010100
00110000
00111010
11001010
01011110
10010011
01100101
10000000
01011001
01101100
10001011
11110101
01110001
01110100
10100111
10000010
00001101
00100101
00001101
01101111
01000111
01011010
01000011
10000000
10010010
11000111
10010000
10001100
10010011
00111101
10001001
10000010
01100111
10110010
10000100
10110001
11101101
00110000
00000011
10001110
01101110
10000111
11010100
10001001
01011111
01111110
01100111
01100010
