01011110
11010101
11100100
11011111
10011110
10001000
00010001
00010001
11010110
00111010
10010010
10101101
00111111
00110011
11101000
10011100
10111110
00100011
10010111
11110000
00100011
10001110
11111101
01101011
00011011
00001011
01101100
01100000
00101100
01010001
00111111
00011011
11011100
10101010
11101100
11011011
11011101
11100001
11000011
11110010
11101100
10101111
01100000
00011110
11111101
11000110
01010110
11001101
10000000
01010000
10000001
00011010
11100100
11110111
11000110
01011110
11010000
01011100
00110101
00110110
10100101
00010001
01010110
10000011
00000101
00000011
00001111
00001101
00100101
11110010
00110101
10111011
00001101
01110010
00100000
10101111
00111001
01000000
01100011
01101101
00001100
00111001
10011111
11011101
11100101
10011011
10001110
00000011
10001111
11001111
00110100
10111110
10001101
01011111
01111110
00111100
00011010
10100010
11100000
01000001
10110011
10100000
00000100
01011110
00001111
01100010
01000100
01110001
00101110
10000111
00010000
00011000
00100100
01010000
10011101
00111001
10100111
11000100
11100000
10000000
10110110
01100111
10101111
00010010
10101110
11101100
00011111
11101011
