11100110
00010001
10101100
11001000
00001101
00101011
01111100
10001011
00111111
01000111
01010000
11000101
10001001
11110010
10110010
01110010
01000001
10100000
01000100
11101111
10100000
00011111
00000101
10000000
10011111
01010110
00101011
01100100
10010011
01010011
00010110
00111111
10001111
11001100
10110110
01101000
10100001
00111010
00001010
10101011
10111100
11101001
01110010
10100000
00111001
11111010
10111100
00111001
11111000
00111000
00101111
10101100
10001110
01000011
11011111
01100000
10011010
00101100
10111000
00111111
00100111
10001110
00101011
10111100
00001110
10100110
00001110
00000100
11101110
00101110
00010011
10100000
01111100
10001101
11100011
00110000
00101000
10100011
01111111
11100100
11100111
00001101
11111100
11010001
01100001
01010011
10011000
01111010
01011010
11010011
00010101
10110110
10010000
11000100
00010101
00001001
00011110
00111001
10101000
10101010
11111111
11110011
10010101
10100101
00111010
01000110
10010011
11110110
00110000
01000101
11001100
00010011
11010001
00110011
10111111
11011000
01110001
00011000
11000101
01001001
00010011
01010111
01010111
00001000
11101000
11100110
10011000
10001010
