00110110
10010011
00110001
01001000
10110000
01001010
01110111
10010011
00111100
10000010
00111100
11010010
01011110
01110011
10100100
11100110
11001111
10110111
11101011
11110111
00010111
10010000
01010111
01011101
10110111
01100110
01110001
11001000
00100100
11011011
00011000
00011011
11000000
01111101
11110011
00110100
10101000
10110111
10000010
11110101
01110010
00101010
11100100
01011010
01011110
10001100
01001010
11000000
00100111
11010101
11010101
00011111
00001100
10001110
01001110
10110101
01011000
10011100
00101001
11000000
10111010
10010011
10000011
01100010
00101011
00010110
00001100
10000111
10100111
10010110
11010010
01011000
11000001
11001100
00000111
11110101
10001101
11011111
00010000
10000011
01000100
10101001
00001010
01000100
00110110
11110001
00000010
10010011
01011000
00101000
00001111
10110000
10111000
00101111
00001011
11000110
11100101
00000000
00010100
01001011
10000010
10111000
01000011
10000101
11100110
11100010
10011101
00011100
11010110
11001100
01011110
01000000
00100001
01101001
11110011
00110110
01010100
10111011
01111010
10011101
00010011
01101000
01100101
00101100
01010111
01010111
01010011
10111000
