10111111
10000000
10101101
10000000
11000110
00111111
10100010
11000011
10000000
00001011
11110100
00010101
01101000
00100010
00001110
00011001
11100001
00001010
10000000
01111011
00010011
11000100
11001100
11111011
10111011
11010011
10000000
11011011
11101110
10000000
11001110
01010101
01100101
11110100
10000000
10011001
11100010
11100000
10000000
11101100
11101011
10000000
10000000
00010110
10010010
11011110
10010010
11001010
11101011
11000101
00011101
11100110
10111110
10111000
10110111
10101111
10100011
00111110
10000000
10000000
10000000
10100001
11000010
00010100
00001010
01111101
11000110
10100101
10101010
11000001
10111000
01001101
11000000
10110100
11010011
11000010
00000000
10000000
10000000
00001101
00000000
10000000
11101010
11100100
00100100
11101101
00100010
10000000
10010100
11100010
10111001
00101011
00110111
10000000
10011010
10000000
11011001
11000111
10101101
11111011
11101110
11110101
10000000
10000000
11111110
10111011
11100010
00101010
10000000
11110100
11101010
11101100
00111000
10000000
11000100
11001000
00101110
10000000
00100101
11111010
11010100
01110000
10000000
10101101
10111110
10111101
10000000
10011011
10000000
11010010
11101110
00101101
11110010
11011101
10000000
10000000
11011011
11010101
10001101
11011011
11010100
10000000
00010011
10111110
11000010
10100100
10000000
00001010
00000010
01010000
11110111
11101001
10000000
11100100
11001110
00101110
10010101
00010000
10101101
10110110
10000000
00111111
00001001
10010111
10100111
10110010
11000001
10000000
01010001
10111000
11011001
10101101
10000000
11101101
11111000
11110100
10000000
11001010
10000000
10000000
11101001
00011101
01000100
11011101
01000001
11111000
11010111
10101101
00110111
11010001
11010110
10010011
11100101
10000000
11000000
10001000
11010100
10101100
11010000
10000000
11011111
11011010
10100011
10000000
10000000
11111110
10000000
11100101
10110111
01011110
10101100
10011111
10111010
00101000
11011111
10000000
10101110
11101010
11000110
10000000
10111110
11001110
11010101
00001111
10000000
10010000
10000000
10010111
10111000
10101010
11000110
10000000
11111110
11100010
11111001
11011111
00001111
11001110
00001001
11101100
11101001
00110010
11111011
10000000
10000000
10001110
11001100
11010010
10101011
11001110
10000000
11101010
10111100
00001011
11100010
11001010
