10000000
10000000
10000000
10000000
10010111
10000000
10000000
10000000
10001010
10000000
10000000
10000000
10010111
10000000
10000000
10011001
10000000
10000000
10000000
10000000
10000000
10010000
10000000
10000000
10000000
10000000
10000000
10011001
10001010
10000000
10000000
10000000
10000000
10000000
10000100
10000000
10000000
10000000
10000000
10000000
10000000
10000000
10000000
10000000
10000000
10000000
10000000
10000000
10000000
10000000
10001000
10000000
10000000
10000000
10010011
10000000
10000000
10000000
10000000
10000000
10000000
10000000
10000000
10000000
10001011
10000000
10000000
10000000
10101001
10000000
10101111
10001010
10000000
10000000
10000000
10000000
10000000
10000000
10000000
10001011
10000000
10000000
10000000
10000000
10000000
10010000
10000000
10000000
10101100
10010100
10000000
10001010
10000000
10000000
10000000
10111001
10001011
10000000
10000000
10000000
10000000
10000000
10000000
10000110
10000000
10000000
10000000
10000000
10000000
10000101
10011000
10000000
10000000
10010000
10000000
10000000
10000000
10000000
10000010
10000100
10000000
10000000
10011101
10000000
10000100
10000000
10000000
10000000
