11001011
00111001
11000000
00110101
11110101
01100001
11000100
10011101
10000000
00010010
10010011
00111111
10000010
00011110
11101000
00001010
11111100
11000001
01000011
01110011
00001110
11100011
00011110
00000101
10011111
11110101
01000011
11111111
11110010
10101100
11011111
11100111
11011100
00000111
10000100
01010011
11011111
11010101
00101100
11111100
11001001
00000110
01000011
11010010
10111010
00001001
10011011
11100001
11001100
11011110
00000111
11001010
10010000
00111101
11000101
11000000
11000111
00000101
01100001
00001100
00001100
11010011
11100011
00111110
00100000
11101101
00000001
10011000
11011011
10000111
11100101
11010101
10010011
00000000
10000001
10101010
00001100
01100011
01100110
00000110
11111100
10110010
00000011
11000110
00110111
00100110
10100001
01111010
10101001
11101000
10100100
00011001
11111011
11010100
10000010
10101100
11110000
10110101
10011000
11100000
00011010
11110010
01100000
01101110
00100111
10111010
11101001
00111010
01101001
11100110
11101100
11110001
10110101
10000000
10100001
11101010
10111000
11010110
01000111
10000110
00000111
00100000
01110111
00010010
00000000
00000100
11010110
10011101
00110101
11100111
11110101
00011010
11110001
11110110
10011000
10010001
11010001
10011100
10011111
00011000
00000000
11000111
00000100
10110100
11111010
00110011
11000010
11111110
00101100
01011101
11110111
11101000
01011101
11001101
00010100
00000110
10110100
01011101
11000100
11011111
11101110
00101101
00001110
10110110
10011110
01101010
11011111
10101101
01111110
11101010
00000110
11001111
01010000
00000000
00011110
00101110
10000011
10011110
00000100
10110010
11110100
00100101
01001010
00000110
00111101
11110111
11011110
11111101
01101011
10101100
11001000
10010100
11011001
01000111
11000101
10000111
00000001
11010110
11110100
11111010
11110001
10110111
10001100
01111001
01010010
00000000
10111010
11100001
10101001
11001110
10000100
10010001
10111011
00110110
00000000
11000110
11010110
11010100
11100010
01010010
10110110
11001001
00001110
00101101
01011100
10111101
00101011
10110110
00001110
11000110
11011100
10000000
00000010
01001100
11100110
11110111
00010101
11100011
00101100
11011000
11001011
11011101
11100111
10001100
00001010
01110010
10100101
00100100
11010100
00001100
00000011
00001001
11111011
11110100
11011100
11000110
