10000000
10000000
10000000
10000000
10110100
10000000
10000000
10000000
10000000
10000000
10000000
10000000
10000000
10000000
10000000
10000000
10000000
10000000
10000000
10000000
10000000
10110111
10000000
10000000
10000000
10000000
10000000
11100101
10111001
10100000
10000000
10000000
10000000
10001100
10000000
10000000
10000000
10001101
10000000
10000000
11010000
10000000
10000000
10000000
10100001
10100000
10000000
10000000
10000000
10000000
10000000
10010101
10000000
10000000
10000000
10000000
10000000
10000000
10000000
10000000
10000000
10000000
10000000
10000000
11000110
10000000
10000000
10010000
10111110
10000000
10000000
10000000
10000000
10000111
10000000
10000000
10001110
10000000
00010010
10000000
10000000
10001011
10000000
10000000
10000000
10110111
10000000
10000000
10000000
10010111
10000000
10000000
10000000
10000000
10000000
10000000
10000000
10000000
10000000
10000000
10000000
10000000
10000000
10000000
10000000
10000000
10000000
10000000
10000101
10001010
10000000
10000000
10000000
10000000
10000000
10000000
10000000
10000000
10000000
10010101
10010001
10000000
10000000
10000000
10110101
10000000
10000000
10000000
